Domain id = 3
Class id = 1
User id = 1

<x>,<y>,<z>,<t>
-0.101114,-0.005366,0.356610,27.000000
-0.101184,-0.005381,0.356638,61.000000
-0.101168,-0.005703,0.356661,88.000000
-0.101248,-0.005524,0.356680,123.000000
-0.101264,-0.005071,0.356696,169.000000
-0.101186,-0.004881,0.356710,201.000000
-0.100477,-0.004882,0.356720,235.000000
-0.099777,-0.004164,0.356727,266.000000
-0.097528,-0.004173,0.356726,296.000000
-0.094737,-0.004218,0.356699,328.000000
-0.091070,-0.004451,0.356511,360.000000
-0.087425,-0.003984,0.355937,393.000000
-0.082201,-0.003783,0.354794,424.000000
-0.077391,-0.002089,0.352686,456.000000
-0.072121,-0.001228,0.350310,488.000000
-0.067449,-0.000279,0.347722,521.000000
-0.062346,0.001666,0.345729,569.000000
-0.057572,0.002518,0.343906,601.000000
-0.052298,0.003106,0.342437,633.000000
-0.046469,0.003285,0.341302,665.000000
-0.043022,0.003677,0.340098,697.000000
-0.040097,0.003582,0.339124,729.000000
-0.037762,0.003151,0.338191,761.000000
-0.036641,0.003158,0.337269,793.000000
-0.035334,0.002421,0.336461,825.000000
-0.034740,0.002086,0.335745,858.000000
-0.034335,0.001848,0.335054,888.000000
-0.034344,0.002822,0.334427,921.000000
-0.034370,0.004110,0.333843,969.000000
-0.034266,0.005246,0.333290,1001.000000
-0.033935,0.008886,0.332898,1032.000000
-0.032988,0.013174,0.332603,1065.000000
-0.031325,0.018224,0.332348,1097.000000
-0.029582,0.025448,0.332110,1128.000000
-0.028089,0.029880,0.331834,1161.000000
-0.025870,0.035011,0.331597,1193.000000
-0.024008,0.039406,0.331401,1225.000000
-0.021872,0.043526,0.331256,1257.000000
-0.020385,0.047304,0.331148,1288.000000
-0.019001,0.053575,0.331083,1337.000000
-0.017550,0.057023,0.331045,1368.000000
-0.016302,0.060667,0.331044,1401.000000
-0.015051,0.063299,0.331094,1432.000000
-0.013410,0.065490,0.331279,1464.000000
-0.011542,0.065819,0.331585,1497.000000
-0.009895,0.066285,0.331913,1528.000000
-0.008809,0.066727,0.332298,1560.000000
-0.007696,0.066816,0.332634,1592.000000
-0.006880,0.066490,0.332898,1625.000000
-0.006274,0.063947,0.333092,1657.000000
-0.005658,0.062656,0.333235,1688.000000
-0.005012,0.060496,0.333342,1737.000000
-0.004342,0.054384,0.333417,1768.000000
-0.003340,0.047567,0.333447,1801.000000
-0.001700,0.042835,0.333442,1833.000000
0.000102,0.035526,0.333397,1864.000000
0.001627,0.030130,0.333318,1897.000000
0.003073,0.021930,0.333217,1929.000000
0.004142,0.013985,0.333128,1961.000000
0.005527,0.007301,0.333050,1992.000000
0.007450,0.002300,0.332980,2025.000000
0.009074,-0.005979,0.332924,2057.000000
0.011100,-0.012738,0.332877,2089.000000
0.012753,-0.018919,0.332839,2139.000000
0.014545,-0.023586,0.332812,2169.000000
0.016388,-0.027126,0.332800,2200.000000
0.017922,-0.033071,0.332806,2236.000000
0.019136,-0.036343,0.332843,2265.000000
0.020203,-0.038487,0.332912,2299.000000
0.021104,-0.041101,0.333017,2330.000000
0.021815,-0.043431,0.333139,2362.000000
0.022113,-0.045168,0.333283,2393.000000
0.022595,-0.045232,0.333419,2426.000000
0.022906,-0.043027,0.333529,2457.000000
0.023859,-0.040252,0.333629,2491.000000
0.024918,-0.032725,0.333752,2538.000000
0.026536,-0.024882,0.333903,2571.000000
0.028164,-0.015632,0.334083,2601.000000
0.029978,-0.008677,0.334235,2633.000000
0.031778,-0.000917,0.334357,2667.000000
0.033360,0.008708,0.334465,2700.000000
0.035306,0.016139,0.334555,2730.000000
0.037500,0.023552,0.334628,2761.000000
0.039274,0.028480,0.334686,2796.000000
0.041644,0.037378,0.334735,2826.000000
0.043271,0.040445,0.334777,2857.000000
0.045037,0.046108,0.334817,2891.000000
0.046092,0.049507,0.334884,2938.000000
0.047093,0.051411,0.335019,2972.000000
0.048188,0.055626,0.335346,3000.000000
0.049238,0.056641,0.335841,3035.000000
0.050321,0.058107,0.336457,3067.000000
0.051323,0.060018,0.337208,3097.000000
0.052002,0.059701,0.337851,3128.000000
0.052848,0.058351,0.338318,3162.000000
0.053891,0.055971,0.338654,3193.000000
0.054896,0.048684,0.338897,3226.000000
0.056826,0.044745,0.339070,3257.000000
0.058265,0.037342,0.339189,3305.000000
0.060004,0.030237,0.339233,3339.000000
0.062358,0.024052,0.339233,3371.000000
0.064034,0.012929,0.339183,3404.000000
0.066697,0.005187,0.339009,3436.000000
0.069306,-0.001981,0.338758,3465.000000
0.071750,-0.008115,0.338464,3499.000000
0.074378,-0.012086,0.338123,3530.000000
0.076634,-0.016435,0.337731,3563.000000
0.078262,-0.021796,0.337350,3593.000000
0.079365,-0.026179,0.337005,3628.000000
0.080107,-0.031045,0.336735,3658.000000
0.080697,-0.035270,0.336507,3707.000000
0.081752,-0.039920,0.336332,3737.000000
0.082890,-0.044598,0.336196,3771.000000
0.083956,-0.046581,0.336091,3801.000000
0.085097,-0.051208,0.336010,3834.000000
0.086408,-0.052186,0.335945,3866.000000
0.087582,-0.054221,0.335892,3899.000000
0.088303,-0.055178,0.335848,3929.000000
0.089206,-0.055185,0.335812,3961.000000
0.089594,-0.055127,0.335781,3997.000000
0.090044,-0.053417,0.335754,4026.000000
0.090543,-0.050313,0.335730,4058.000000
0.091402,-0.046888,0.335710,4108.000000
0.093297,-0.041327,0.335693,4138.000000
0.094913,-0.036729,0.335678,4170.000000
0.096688,-0.029691,0.335664,4204.000000
0.098918,-0.022142,0.335651,4235.000000
0.099870,-0.018703,0.335640,4266.000000
0.100357,-0.014188,0.335635,4298.000000
0.101054,-0.008534,0.335633,4332.000000
0.101538,-0.001659,0.335642,4364.000000
0.101816,0.001879,0.335709,4396.000000
0.102679,0.005735,0.335819,4426.000000
0.102874,0.008174,0.336027,4460.000000
0.103332,0.010745,0.336327,4505.000000
0.103453,0.013149,0.336696,4540.000000
0.103519,0.015030,0.337109,4570.000000
0.103505,0.015886,0.337538,4602.000000
0.103501,0.015909,0.337922,4636.000000
0.103409,0.014807,0.338293,4670.000000
0.103769,0.013856,0.338590,4701.000000
0.105059,0.012405,0.338823,4730.000000
0.107872,0.011048,0.340550,4764.000000
0.112245,0.010680,0.341170,4794.000000
0.117727,0.010085,0.341394,4827.000000
0.122555,0.008648,0.341478,4859.000000
0.128716,0.008545,0.341479,4907.000000
0.133943,0.008258,0.341457,4940.000000
0.139151,0.007610,0.341430,4970.000000
0.144673,0.006870,0.341389,5002.000000
0.150246,0.007210,0.341357,5036.000000
0.157059,0.009348,0.341342,5069.000000
0.162782,0.012377,0.341339,5099.000000
0.165682,0.012042,0.341383,5131.000000
0.170134,0.012321,0.341515,5164.000000
0.172039,0.012660,0.341801,5194.000000
0.173685,0.012217,0.342194,5227.000000
0.174931,0.012232,0.342617,5274.000000
0.175063,0.012212,0.343117,5308.000000
0.175263,0.012979,0.343619,5337.000000
0.175105,0.012121,0.344185,5370.000000
0.174483,0.011969,0.344871,5404.000000
0.174075,0.012019,0.345726,5433.000000
0.173815,0.012464,0.346443,5465.000000
0.172982,0.012201,0.347119,5501.000000
0.172300,0.012177,0.347625,5530.000000
0.172193,0.012340,0.348091,5562.000000
0.172010,0.011013,0.348436,5597.000000
0.171607,0.010847,0.348779,5626.000000
0.171291,0.010102,0.349134,5675.000000
0.171203,0.010016,0.349465,5706.000000
0.170874,0.009782,0.349768,5738.000000
