Domain id = 3
Class id = 1
User id = 1

<x>,<y>,<z>,<t>
-0.095594,0.005099,0.367624,17.000000
-0.095644,0.005551,0.367647,50.000000
-0.095048,0.004390,0.367663,81.000000
-0.094963,0.004595,0.367669,113.000000
-0.094459,0.004585,0.367669,146.000000
-0.092692,0.004569,0.367635,177.000000
-0.090425,0.007425,0.367420,208.000000
-0.085457,0.011750,0.366225,242.000000
-0.079213,0.016610,0.363769,274.000000
-0.073838,0.024997,0.360466,304.000000
-0.068541,0.033858,0.357088,338.000000
-0.061467,0.037952,0.354366,387.000000
-0.055870,0.045555,0.351908,417.000000
-0.050024,0.051514,0.350128,448.000000
-0.044308,0.057668,0.349081,482.000000
-0.039047,0.062706,0.348328,513.000000
-0.034147,0.068097,0.347770,545.000000
-0.030176,0.071226,0.347359,576.000000
-0.026704,0.073682,0.347082,610.000000
-0.024014,0.078820,0.346886,640.000000
-0.021642,0.079347,0.346743,674.000000
-0.020160,0.079505,0.346634,706.000000
-0.019422,0.079416,0.346550,736.000000
-0.019115,0.079111,0.346484,785.000000
-0.019305,0.079075,0.346430,818.000000
-0.019516,0.076334,0.346387,849.000000
-0.020058,0.074875,0.346352,880.000000
-0.021292,0.074365,0.346323,915.000000
-0.021908,0.072944,0.346294,944.000000
-0.022462,0.071991,0.346259,978.000000
-0.022891,0.069095,0.346197,1009.000000
-0.023290,0.067856,0.346090,1042.000000
-0.023500,0.066568,0.345923,1072.000000
-0.023535,0.065352,0.345660,1104.000000
-0.023527,0.063968,0.345282,1156.000000
-0.023589,0.063117,0.344830,1186.000000
-0.023575,0.060258,0.344271,1217.000000
-0.023569,0.058968,0.343645,1250.000000
-0.023418,0.057422,0.342917,1283.000000
-0.023216,0.055830,0.342167,1313.000000
-0.022980,0.055373,0.341456,1347.000000
-0.022730,0.055305,0.340801,1376.000000
-0.022354,0.055209,0.340193,1407.000000
-0.022173,0.054989,0.339631,1441.000000
-0.022018,0.054591,0.339124,1472.000000
-0.021856,0.054429,0.338675,1505.000000
-0.021727,0.054434,0.338288,1554.000000
-0.021613,0.054287,0.337947,1587.000000
-0.021518,0.054093,0.337652,1616.000000
-0.021273,0.052903,0.337381,1650.000000
-0.021074,0.052686,0.337140,1682.000000
-0.020933,0.053341,0.336922,1712.000000
-0.020700,0.053336,0.336727,1746.000000
-0.020514,0.053337,0.336549,1776.000000
-0.019998,0.052950,0.336390,1810.000000
-0.019705,0.053643,0.336248,1842.000000
-0.019311,0.053320,0.336117,1873.000000
-0.018649,0.053175,0.335996,1907.000000
-0.018095,0.051671,0.335887,1954.000000
-0.017394,0.051236,0.335790,1984.000000
-0.016242,0.049292,0.335702,2017.000000
-0.015773,0.045054,0.335627,2048.000000
-0.015398,0.041791,0.335565,2083.000000
-0.014696,0.035767,0.335515,2113.000000
-0.013969,0.032880,0.335474,2144.000000
-0.013339,0.027157,0.335448,2175.000000
-0.012740,0.020199,0.335442,2208.000000
-0.012238,0.013095,0.335458,2241.000000
-0.011461,0.007791,0.335569,2272.000000
-0.010269,0.004010,0.335757,2304.000000
-0.009228,-0.003240,0.336137,2352.000000
-0.007929,-0.011188,0.336748,2384.000000
-0.006845,-0.016947,0.337513,2416.000000
-0.005259,-0.022477,0.338375,2448.000000
-0.003995,-0.031091,0.339390,2481.000000
-0.002198,-0.037052,0.340325,2513.000000
-0.000684,-0.042329,0.341227,2544.000000
0.001350,-0.048756,0.342158,2577.000000
0.002472,-0.053975,0.343059,2608.000000
0.003584,-0.057735,0.343787,2640.000000
0.004264,-0.058874,0.344391,2672.000000
0.004916,-0.059150,0.344856,2704.000000
0.005291,-0.059412,0.345203,2752.000000
0.005635,-0.058082,0.345468,2784.000000
0.006013,-0.054062,0.345670,2817.000000
0.006923,-0.047410,0.345855,2849.000000
0.007803,-0.037634,0.346057,2879.000000
0.009046,-0.028093,0.346231,2912.000000
0.011373,-0.019616,0.346411,2945.000000
0.013437,-0.008001,0.346556,2976.000000
0.015404,0.000117,0.346665,3008.000000
0.017362,0.009723,0.346748,3040.000000
0.019315,0.018324,0.346810,3072.000000
0.021192,0.024268,0.346849,3121.000000
0.023109,0.031902,0.346878,3152.000000
0.025145,0.037534,0.346897,3184.000000
0.027146,0.044950,0.346915,3216.000000
0.028884,0.049036,0.346930,3249.000000
0.030517,0.053295,0.346945,3280.000000
0.031741,0.058401,0.346978,3312.000000
0.033304,0.061343,0.347031,3344.000000
0.034358,0.061523,0.347112,3376.000000
0.035165,0.062322,0.347233,3408.000000
0.036288,0.062515,0.347366,3440.000000
0.037133,0.063631,0.347501,3474.000000
0.038159,0.064017,0.347635,3521.000000
0.039151,0.065403,0.347775,3554.000000
0.040090,0.065347,0.347915,3584.000000
0.041062,0.065755,0.348033,3616.000000
0.041935,0.065259,0.348140,3648.000000
0.042966,0.063600,0.348228,3680.000000
0.044068,0.061773,0.348299,3712.000000
0.045443,0.059328,0.348356,3744.000000
0.047704,0.057277,0.348397,3776.000000
0.049808,0.053457,0.348423,3808.000000
0.051528,0.049023,0.348430,3840.000000
0.052935,0.044524,0.348424,3873.000000
0.054286,0.039732,0.348384,3921.000000
0.055125,0.035114,0.348266,3952.000000
0.055658,0.029557,0.348107,3985.000000
0.056012,0.024190,0.347892,4017.000000
0.056784,0.021060,0.347603,4048.000000
0.057250,0.016212,0.347328,4081.000000
0.058282,0.010475,0.347011,4112.000000
0.059829,0.006677,0.346620,4145.000000
0.061128,0.001063,0.346304,4177.000000
0.062373,-0.002774,0.346027,4209.000000
0.063784,-0.007246,0.345784,4241.000000
0.065098,-0.012407,0.345590,4274.000000
0.066504,-0.016129,0.345422,4321.000000
0.067554,-0.021467,0.345295,4354.000000
0.068581,-0.025262,0.345193,4386.000000
0.069777,-0.029608,0.345112,4418.000000
0.071516,-0.033647,0.345048,4449.000000
0.072810,-0.039018,0.344997,4482.000000
0.074925,-0.042201,0.344958,4514.000000
0.076401,-0.048333,0.344927,4545.000000
0.078203,-0.050241,0.344905,4578.000000
0.080188,-0.052981,0.344887,4609.000000
0.081654,-0.056056,0.344873,4641.000000
0.082966,-0.056784,0.344861,4673.000000
0.084026,-0.057937,0.344852,4721.000000
0.084799,-0.058144,0.344845,4753.000000
0.085362,-0.057943,0.344839,4785.000000
0.085841,-0.057060,0.344833,4817.000000
0.086584,-0.053237,0.344828,4849.000000
0.087279,-0.049578,0.344821,4882.000000
0.087795,-0.044908,0.344812,4915.000000
0.088995,-0.039271,0.344800,4946.000000
0.090389,-0.032567,0.344786,4977.000000
0.092347,-0.026792,0.344773,5010.000000
0.095055,-0.017981,0.344759,5042.000000
0.097903,-0.011912,0.344743,5090.000000
0.100327,-0.007375,0.344729,5121.000000
0.102857,-0.002588,0.344717,5154.000000
0.104281,0.000248,0.344712,5186.000000
0.105583,0.003395,0.344712,5218.000000
0.106702,0.004947,0.344720,5250.000000
0.107441,0.005044,0.344737,5282.000000
0.108626,0.004974,0.344771,5313.000000
0.110504,0.004397,0.344813,5345.000000
0.113433,0.003197,0.344850,5378.000000
0.118136,0.002720,0.344881,5409.000000
0.125347,0.001109,0.344906,5441.000000
0.134298,0.000706,0.344927,5489.000000
0.142133,0.001130,0.344942,5522.000000
0.151037,0.001320,0.344955,5554.000000
0.159443,0.000819,0.344967,5586.000000
0.167694,0.001761,0.344977,5617.000000
0.174917,0.002406,0.344996,5649.000000
0.181301,0.003222,0.345054,5681.000000
0.187472,0.004475,0.345172,5713.000000
0.191797,0.005272,0.345372,5745.000000
0.194773,0.005576,0.345711,5777.000000
0.195157,0.002690,0.346316,5809.000000
0.195792,0.002285,0.346981,5841.000000
0.196286,0.003260,0.347632,5890.000000
0.196278,0.003695,0.348384,5920.000000
0.194416,0.002824,0.349241,5954.000000
0.193168,0.002981,0.350313,5985.000000
0.190898,0.002868,0.351799,6018.000000
0.189626,0.002630,0.353064,6049.000000
0.187755,0.003649,0.354095,6081.000000
