Domain id = 3
Class id = 5
User id = 1

<x>,<y>,<z>,<t>
0.065858,0.003752,0.349927,8.000000
0.066317,0.004533,0.350059,40.000000
0.066558,0.004483,0.350190,73.000000
0.066793,0.004602,0.350335,104.000000
0.066977,0.004837,0.350481,137.000000
0.066972,0.004916,0.350631,169.000000
0.066703,0.004716,0.350764,201.000000
0.066494,0.004618,0.350892,233.000000
0.065753,0.003194,0.351071,265.000000
0.064528,0.001982,0.351313,297.000000
0.063165,-0.000676,0.351648,345.000000
0.061127,-0.002803,0.352061,376.000000
0.059202,-0.005308,0.352474,409.000000
0.056599,-0.007695,0.352844,441.000000
0.053296,-0.009403,0.353200,472.000000
0.049509,-0.015726,0.353513,504.000000
0.046345,-0.020212,0.353805,537.000000
0.042166,-0.023367,0.354034,569.000000
0.037405,-0.028879,0.354225,601.000000
0.032869,-0.036324,0.354405,633.000000
0.026440,-0.039563,0.354552,664.000000
0.022386,-0.044029,0.354666,697.000000
0.017134,-0.051040,0.354759,745.000000
0.013170,-0.056078,0.354833,779.000000
0.008324,-0.062305,0.354894,808.000000
0.004567,-0.066394,0.354943,841.000000
-0.000721,-0.071020,0.354986,873.000000
-0.003386,-0.074882,0.355021,905.000000
-0.007291,-0.080135,0.355058,937.000000
-0.008972,-0.082669,0.355094,970.000000
-0.009724,-0.083491,0.355125,1001.000000
-0.010282,-0.084021,0.355150,1034.000000
-0.009919,-0.084417,0.355173,1065.000000
-0.008120,-0.083750,0.355191,1096.000000
-0.005317,-0.082604,0.355198,1148.000000
-0.001125,-0.080859,0.355187,1177.000000
0.002629,-0.080184,0.355135,1209.000000
0.007756,-0.079591,0.355014,1242.000000
0.012534,-0.079902,0.354764,1272.000000
0.017303,-0.080114,0.354437,1305.000000
0.023955,-0.080096,0.353951,1336.000000
0.029776,-0.079738,0.353250,1369.000000
0.037653,-0.079670,0.352447,1400.000000
0.043281,-0.077818,0.351550,1433.000000
0.050042,-0.078736,0.350817,1465.000000
0.056354,-0.079456,0.350239,1512.000000
0.063987,-0.078847,0.349691,1544.000000
0.070534,-0.079270,0.349233,1577.000000
0.077453,-0.079503,0.348894,1608.000000
0.083625,-0.081341,0.348641,1640.000000
0.089649,-0.081310,0.348414,1672.000000
0.095291,-0.081572,0.348226,1705.000000
0.102115,-0.081696,0.348085,1737.000000
0.108103,-0.081117,0.347962,1770.000000
0.112280,-0.081841,0.347866,1802.000000
0.117056,-0.082336,0.347790,1834.000000
0.122986,-0.080674,0.347726,1865.000000
0.127222,-0.080062,0.347675,1913.000000
0.132616,-0.079340,0.347633,1945.000000
0.137496,-0.078856,0.347600,1976.000000
0.141528,-0.078542,0.347581,2008.000000
0.144161,-0.078122,0.347574,2041.000000
0.145800,-0.077790,0.347570,2072.000000
0.146244,-0.077471,0.347569,2105.000000
0.146276,-0.076950,0.347572,2136.000000
0.144711,-0.077131,0.347657,2168.000000
0.141761,-0.077237,0.347835,2200.000000
0.138713,-0.076817,0.348039,2232.000000
0.134944,-0.075802,0.348275,2264.000000
0.131854,-0.072963,0.348492,2313.000000
0.126687,-0.073609,0.348776,2345.000000
0.123321,-0.069022,0.349010,2376.000000
0.117839,-0.068460,0.349269,2409.000000
0.115362,-0.059580,0.349469,2440.000000
0.112620,-0.054092,0.349624,2473.000000
0.110037,-0.048580,0.349741,2505.000000
0.106991,-0.043603,0.349820,2536.000000
0.104197,-0.039085,0.349872,2568.000000
0.101567,-0.033460,0.349905,2601.000000
0.098572,-0.029975,0.349930,2633.000000
0.095309,-0.028595,0.349944,2665.000000
0.092497,-0.025448,0.349952,2713.000000
0.090064,-0.017315,0.349957,2745.000000
0.087213,-0.014164,0.349961,2777.000000
0.084314,-0.007017,0.349961,2808.000000
0.081162,-0.004540,0.349961,2841.000000
0.079092,0.001424,0.349960,2873.000000
0.076181,0.006620,0.349958,2905.000000
0.074068,0.011585,0.349956,2938.000000
0.071807,0.016894,0.349954,2970.000000
0.069852,0.022466,0.349953,3001.000000
0.068200,0.027536,0.349953,3034.000000
0.067078,0.029314,0.349955,3065.000000
0.066359,0.033348,0.349964,3114.000000
0.065717,0.037806,0.349992,3145.000000
0.065513,0.043790,0.350065,3178.000000
0.065438,0.051162,0.350194,3209.000000
0.066008,0.053697,0.350333,3242.000000
0.067757,0.057757,0.350509,3273.000000
0.070944,0.066572,0.350716,3305.000000
0.075160,0.067447,0.350975,3337.000000
0.080099,0.068488,0.351245,3370.000000
0.085687,0.069986,0.351472,3402.000000
0.091480,0.071621,0.351675,3433.000000
0.097861,0.073848,0.351827,3482.000000
0.104011,0.073957,0.351941,3513.000000
0.110356,0.073717,0.352030,3545.000000
0.116602,0.073067,0.352101,3577.000000
0.121463,0.071253,0.352154,3610.000000
0.125376,0.068631,0.352194,3642.000000
0.129150,0.067334,0.352220,3674.000000
0.131350,0.064526,0.352241,3705.000000
0.132274,0.055897,0.352259,3738.000000
0.132373,0.051180,0.352273,3770.000000
0.132477,0.049982,0.352280,3802.000000
0.131790,0.041893,0.352285,3833.000000
0.130403,0.037271,0.352291,3881.000000
0.126479,0.031688,0.352298,3914.000000
0.122564,0.026457,0.352303,3945.000000
0.119307,0.025054,0.352289,3978.000000
0.113668,0.018853,0.352270,4009.000000
0.109620,0.015199,0.352239,4041.000000
0.105416,0.013306,0.352155,4073.000000
0.101395,0.012355,0.351983,4106.000000
0.098202,0.012316,0.351706,4137.000000
0.093607,0.011969,0.351349,4170.000000
0.088180,0.008901,0.351021,4202.000000
0.084358,0.007777,0.350717,4234.000000
0.080941,0.007672,0.350385,4282.000000
0.078896,0.006404,0.350012,4313.000000
0.077232,0.006424,0.349643,4346.000000
0.076035,0.006699,0.349229,4377.000000
0.075526,0.007159,0.348736,4410.000000
0.075088,0.006769,0.348257,4441.000000
0.075079,0.005635,0.347793,4474.000000
0.075165,0.005696,0.347332,4505.000000
0.075406,0.005646,0.346901,4538.000000
