Domain id = 3
Class id = 7
User id = 1

<x>,<y>,<z>,<t>
0.011287,-0.040144,0.350752,42.000000
0.011357,-0.039978,0.350740,73.000000
0.011523,-0.040173,0.350729,105.000000
0.011806,-0.040810,0.350720,138.000000
0.012314,-0.041377,0.350711,169.000000
0.013404,-0.042863,0.350703,202.000000
0.014050,-0.043411,0.350693,234.000000
0.015925,-0.045704,0.350671,265.000000
0.017368,-0.046851,0.350649,299.000000
0.020330,-0.049632,0.350609,328.000000
0.022902,-0.050676,0.350500,363.000000
0.026130,-0.050841,0.350311,392.000000
0.027780,-0.051879,0.350088,441.000000
0.032693,-0.054696,0.349615,473.000000
0.036925,-0.055986,0.348953,507.000000
0.040924,-0.056532,0.348094,539.000000
0.045599,-0.056958,0.347170,570.000000
0.050864,-0.056640,0.346414,602.000000
0.055652,-0.057838,0.345599,633.000000
0.062260,-0.057780,0.344789,664.000000
0.066522,-0.057552,0.344091,699.000000
0.071376,-0.056870,0.343287,731.000000
0.075881,-0.054630,0.342626,761.000000
0.079713,-0.053379,0.342070,793.000000
0.083614,-0.051591,0.341418,842.000000
0.087045,-0.047225,0.340971,873.000000
0.091121,-0.043591,0.341199,906.000000
0.093952,-0.039621,0.341267,939.000000
0.096859,-0.030311,0.341290,969.000000
0.099389,-0.025362,0.341304,1001.000000
0.100632,-0.017900,0.341314,1035.000000
0.100996,-0.010718,0.341324,1067.000000
0.100992,-0.002315,0.341350,1096.000000
0.100622,0.004405,0.341398,1130.000000
0.098768,0.013264,0.341542,1160.000000
0.095850,0.020128,0.341980,1194.000000
0.092391,0.024725,0.343125,1242.000000
0.087930,0.030775,0.344861,1272.000000
0.084135,0.042285,0.346959,1307.000000
0.080165,0.047915,0.348726,1336.000000
0.075455,0.053397,0.350658,1368.000000
0.070500,0.061925,0.352754,1402.000000
0.064559,0.067664,0.355056,1434.000000
0.058423,0.070382,0.357412,1464.000000
0.051722,0.072489,0.359454,1498.000000
0.044108,0.074097,0.361422,1529.000000
0.038118,0.074629,0.363341,1559.000000
0.033239,0.074466,0.365082,1609.000000
0.028113,0.074902,0.366483,1643.000000
0.023665,0.074873,0.367557,1673.000000
0.020379,0.073729,0.368301,1704.000000
0.017784,0.072370,0.368819,1738.000000
0.015531,0.069130,0.369156,1769.000000
0.013900,0.066201,0.369388,1799.000000
0.012738,0.059341,0.369551,1834.000000
0.012082,0.056396,0.369632,1864.000000
0.011547,0.050039,0.369636,1896.000000
0.011299,0.046377,0.369585,1930.000000
0.011065,0.040655,0.369359,1962.000000
0.010954,0.036573,0.369005,2009.000000
0.011140,0.032547,0.368341,2040.000000
0.011482,0.025903,0.367569,2074.000000
0.011998,0.022411,0.366823,2104.000000
0.012621,0.017479,0.366212,2135.000000
0.013299,0.010504,0.365535,2168.000000
0.014166,0.007354,0.364845,2200.000000
0.014637,0.004536,0.364092,2234.000000
0.014864,0.001327,0.363360,2263.000000
0.014909,-0.000518,0.362732,2296.000000
0.015199,-0.001655,0.362156,2328.000000
0.015295,-0.001796,0.361635,2362.000000
0.015356,-0.001939,0.361162,2408.000000
0.015290,-0.001550,0.360710,2441.000000
0.015019,-0.000067,0.360326,2473.000000
0.014679,0.001270,0.359946,2504.000000
0.014168,0.004924,0.359613,2536.000000
0.013567,0.007128,0.359331,2571.000000
0.012819,0.010830,0.359094,2600.000000
0.011898,0.013790,0.358906,2632.000000
0.011290,0.017489,0.358751,2665.000000
0.010600,0.019763,0.358628,2697.000000
0.009697,0.024601,0.358534,2728.000000
0.008375,0.027176,0.358460,2762.000000
0.007095,0.029304,0.358401,2813.000000
0.005538,0.031075,0.358356,2843.000000
0.004183,0.032717,0.358325,2874.000000
0.002870,0.032839,0.358312,2906.000000
0.001553,0.035976,0.358311,2939.000000
0.000166,0.036317,0.358328,2968.000000
-0.000859,0.038099,0.358386,3002.000000
-0.002006,0.038161,0.358493,3032.000000
-0.003384,0.038074,0.358666,3064.000000
-0.005102,0.038396,0.358927,3097.000000
-0.006646,0.038742,0.359211,3128.000000
-0.007845,0.038687,0.359520,3161.000000
-0.009225,0.038789,0.359879,3210.000000
-0.010043,0.038743,0.360217,3242.000000
-0.010410,0.039077,0.360491,3274.000000
-0.010032,0.038971,0.360701,3306.000000
-0.009149,0.038997,0.360854,3336.000000
-0.007308,0.038537,0.360968,3369.000000
-0.004832,0.037688,0.361052,3402.000000
-0.001981,0.036632,0.361098,3434.000000
0.000904,0.034239,0.361105,3464.000000
0.003619,0.030881,0.361080,3496.000000
0.006570,0.028284,0.360962,3528.000000
0.009865,0.024447,0.360567,3578.000000
0.012873,0.021613,0.359910,3609.000000
0.015263,0.017917,0.359295,3643.000000
0.017466,0.016372,0.358765,3672.000000
0.019512,0.012008,0.358276,3706.000000
0.021479,0.010622,0.357836,3736.000000
0.022846,0.008747,0.357451,3768.000000
0.023798,0.006756,0.357087,3802.000000
0.024601,0.004114,0.356782,3833.000000
0.025385,0.002041,0.356438,3864.000000
0.026134,0.000662,0.356130,3897.000000
0.026646,-0.000276,0.355822,3928.000000
0.027192,-0.000875,0.355542,3976.000000
0.027719,0.000103,0.355315,4008.000000
0.028477,0.001802,0.355105,4043.000000
0.029608,0.003483,0.354893,4072.000000
0.030949,0.004740,0.354697,4104.000000
0.032369,0.006130,0.354460,4137.000000
0.033960,0.007741,0.354281,4169.000000
0.035917,0.009542,0.354143,4202.000000
0.038166,0.011541,0.354037,4231.000000
0.041124,0.012791,0.353945,4263.000000
0.043574,0.015232,0.353854,4298.000000
0.046309,0.016297,0.353766,4330.000000
0.049162,0.016660,0.353694,4378.000000
0.051405,0.017297,0.353635,4411.000000
0.053192,0.017795,0.353586,4442.000000
0.054763,0.018389,0.353545,4474.000000
0.055599,0.018706,0.353511,4507.000000
0.056051,0.018907,0.353482,4539.000000
0.056592,0.020522,0.353454,4569.000000
0.056705,0.020521,0.353427,4600.000000
0.056711,0.020713,0.353402,4635.000000
0.056436,0.020819,0.353374,4666.000000
0.056200,0.021367,0.353350,4698.000000
0.055329,0.021509,0.353329,4730.000000
0.054919,0.021260,0.353307,4777.000000
0.054556,0.021272,0.353287,4811.000000
0.054277,0.021349,0.353267,4841.000000
