Domain id = 3
Class id = 7
User id = 1

<x>,<y>,<z>,<t>
-0.007465,-0.025600,0.355725,9.000000
-0.007460,-0.025639,0.355565,57.000000
-0.007295,-0.025814,0.355385,89.000000
-0.007248,-0.025984,0.355170,123.000000
-0.007053,-0.026593,0.354984,152.000000
-0.006766,-0.027761,0.354815,184.000000
-0.006342,-0.029544,0.354643,216.000000
-0.006007,-0.030848,0.354478,249.000000
-0.005310,-0.032344,0.354331,280.000000
-0.004420,-0.034072,0.354210,312.000000
-0.003266,-0.036694,0.354096,345.000000
-0.002137,-0.041301,0.353994,377.000000
-0.000200,-0.043474,0.353873,425.000000
0.001673,-0.046653,0.353740,458.000000
0.003877,-0.050224,0.353621,492.000000
0.007318,-0.052937,0.353468,521.000000
0.010694,-0.053879,0.353259,553.000000
0.014971,-0.054859,0.352920,585.000000
0.019301,-0.055095,0.352360,617.000000
0.023546,-0.055492,0.351454,648.000000
0.027899,-0.055609,0.350357,681.000000
0.032097,-0.055464,0.349212,713.000000
0.035418,-0.054785,0.347991,745.000000
0.039467,-0.053921,0.347119,777.000000
0.043738,-0.051640,0.346240,825.000000
0.047264,-0.050353,0.345421,857.000000
0.050209,-0.047442,0.344729,889.000000
0.053838,-0.044236,0.344107,921.000000
0.056711,-0.041204,0.343554,953.000000
0.059705,-0.036937,0.343160,985.000000
0.062401,-0.033192,0.342842,1016.000000
0.064532,-0.028275,0.342564,1049.000000
0.066923,-0.024432,0.342359,1081.000000
0.068445,-0.020486,0.342185,1113.000000
0.069606,-0.015160,0.342046,1145.000000
0.070196,-0.009163,0.341940,1178.000000
0.070636,-0.004465,0.341858,1225.000000
0.070718,0.001762,0.341796,1257.000000
0.070516,0.007758,0.341764,1289.000000
0.069834,0.013365,0.341762,1320.000000
0.068783,0.017752,0.341794,1352.000000
0.067048,0.021822,0.341931,1384.000000
0.064396,0.028380,0.342328,1417.000000
0.061806,0.031540,0.343043,1448.000000
0.058205,0.034251,0.344592,1480.000000
0.054085,0.036940,0.346454,1513.000000
0.050653,0.039263,0.348168,1544.000000
0.047362,0.040111,0.349914,1576.000000
0.043724,0.042019,0.351500,1623.000000
0.040295,0.042223,0.352972,1656.000000
0.037688,0.043287,0.354105,1689.000000
0.034720,0.043283,0.355312,1721.000000
0.032016,0.043349,0.356273,1753.000000
0.029220,0.043352,0.357045,1786.000000
0.027036,0.043151,0.357679,1816.000000
0.026044,0.042980,0.358122,1850.000000
0.024232,0.042803,0.358486,1880.000000
0.022535,0.042069,0.358766,1913.000000
0.020699,0.041581,0.358989,1945.000000
0.019672,0.039310,0.359194,1978.000000
0.019189,0.036442,0.359343,2026.000000
0.018173,0.032913,0.359455,2057.000000
0.017641,0.030888,0.359541,2089.000000
0.016870,0.028054,0.359610,2121.000000
0.016439,0.025126,0.359664,2152.000000
0.016133,0.021643,0.359707,2185.000000
0.016114,0.019585,0.359736,2217.000000
0.016097,0.017655,0.359745,2249.000000
0.015900,0.014481,0.359745,2281.000000
0.015847,0.010056,0.359742,2313.000000
0.015518,0.006854,0.359722,2346.000000
0.015373,0.005531,0.359665,2393.000000
0.015254,0.004172,0.359582,2426.000000
0.015220,0.003427,0.359463,2458.000000
0.015220,0.003437,0.359292,2489.000000
0.015122,0.003726,0.359105,2521.000000
0.014949,0.004929,0.358873,2554.000000
0.014430,0.006713,0.358654,2586.000000
0.013472,0.009703,0.358481,2617.000000
0.012123,0.012510,0.358344,2649.000000
0.011006,0.015348,0.358239,2681.000000
0.009250,0.019472,0.358165,2713.000000
0.006843,0.021814,0.358110,2745.000000
0.004661,0.024468,0.358068,2793.000000
0.002812,0.026856,0.358045,2825.000000
0.001016,0.027715,0.358042,2857.000000
-0.000920,0.028518,0.358109,2889.000000
-0.003512,0.029962,0.358255,2921.000000
-0.005856,0.030768,0.358508,2953.000000
-0.007788,0.032402,0.358792,2985.000000
-0.009605,0.033402,0.359130,3017.000000
-0.010627,0.033426,0.359478,3050.000000
-0.011346,0.033525,0.359756,3081.000000
-0.011364,0.032765,0.359955,3113.000000
-0.010930,0.032797,0.360107,3145.000000
-0.009647,0.032914,0.360216,3194.000000
-0.007861,0.032395,0.360285,3224.000000
-0.005727,0.031453,0.360329,3257.000000
-0.002898,0.029802,0.360333,3289.000000
-0.000453,0.029013,0.360302,3321.000000
0.001870,0.026870,0.360182,3353.000000
0.004330,0.024389,0.359872,3385.000000
0.006812,0.022062,0.359560,3417.000000
0.009445,0.020363,0.359241,3449.000000
0.012233,0.017420,0.358790,3481.000000
0.014517,0.015343,0.358341,3513.000000
0.015711,0.011626,0.357955,3545.000000
0.017054,0.009637,0.357533,3594.000000
0.018437,0.007337,0.357168,3625.000000
0.019514,0.004518,0.356810,3657.000000
0.020766,0.000657,0.356429,3690.000000
0.021225,-0.003180,0.356071,3722.000000
0.021958,-0.005466,0.355714,3754.000000
0.022243,-0.007364,0.355338,3785.000000
0.022425,-0.008542,0.354971,3817.000000
0.022478,-0.008681,0.354624,3849.000000
0.022539,-0.008462,0.354291,3881.000000
0.022600,-0.008456,0.353943,3914.000000
0.022796,-0.007147,0.353539,3945.000000
0.023167,-0.005986,0.353192,3994.000000
0.024266,-0.003002,0.352945,4026.000000
0.026346,-0.001973,0.352756,4057.000000
0.028799,0.001256,0.352593,4090.000000
0.032208,0.001872,0.352461,4121.000000
0.035951,0.003178,0.352358,4153.000000
0.038693,0.003963,0.352276,4186.000000
0.041659,0.004445,0.352205,4217.000000
0.045124,0.004662,0.352136,4249.000000
0.047575,0.004879,0.352065,4282.000000
0.049762,0.004571,0.352000,4313.000000
0.051185,0.004412,0.351943,4361.000000
0.052527,0.004367,0.351890,4393.000000
0.053345,0.004277,0.351844,4426.000000
0.053416,0.003967,0.351800,4458.000000
0.053312,0.003859,0.351759,4489.000000
0.052911,0.003831,0.351722,4521.000000
0.051649,0.003472,0.351690,4553.000000
0.050781,0.003639,0.351660,4585.000000
0.049813,0.003635,0.351633,4617.000000
0.049249,0.003856,0.351605,4650.000000
0.048717,0.003997,0.351576,4681.000000
0.048266,0.004141,0.351546,4713.000000
