Domain id = 3
Class id = 7
User id = 5

<x>,<y>,<z>,<t>
-0.050935,0.018869,0.284089,0.000000
-0.050946,0.018685,0.284124,31.000000
-0.050949,0.018444,0.284152,63.000000
-0.051014,0.018447,0.284174,95.000000
-0.051046,0.018423,0.284191,127.000000
-0.051046,0.018243,0.284203,159.000000
-0.051041,0.017749,0.284214,190.000000
-0.051008,0.016951,0.284222,240.000000
-0.051021,0.015249,0.284230,271.000000
-0.050792,0.012590,0.284237,303.000000
-0.050523,0.008333,0.284244,336.000000
-0.050121,0.004228,0.284250,370.000000
-0.049611,-0.002519,0.284256,401.000000
-0.048934,-0.007588,0.284259,432.000000
-0.047486,-0.015899,0.284262,465.000000
-0.045711,-0.021276,0.284262,495.000000
-0.043202,-0.027281,0.284256,529.000000
-0.040302,-0.032446,0.284233,562.000000
-0.037024,-0.036164,0.284168,591.000000
-0.032765,-0.040132,0.284052,641.000000
-0.027612,-0.042527,0.283844,673.000000
-0.021635,-0.044325,0.283563,704.000000
-0.015634,-0.044974,0.283181,735.000000
-0.008952,-0.044754,0.282619,770.000000
-0.001426,-0.044100,0.281996,801.000000
0.005720,-0.041865,0.281369,831.000000
0.011183,-0.037431,0.280616,865.000000
0.016779,-0.032310,0.279766,895.000000
0.022760,-0.027463,0.278882,930.000000
0.029481,-0.024210,0.278214,959.000000
0.036713,-0.019444,0.277702,1007.000000
0.042979,-0.014550,0.277242,1040.000000
0.048860,-0.008109,0.276814,1071.000000
0.053463,-0.003687,0.276489,1104.000000
0.057459,0.001834,0.276236,1135.000000
0.060826,0.008682,0.276041,1168.000000
0.063136,0.013810,0.275898,1200.000000
0.064235,0.021126,0.275792,1232.000000
0.064449,0.025580,0.275722,1264.000000
0.064361,0.031247,0.275703,1296.000000
0.063655,0.037452,0.275715,1328.000000
0.061065,0.042004,0.275822,1361.000000
0.059258,0.044004,0.276125,1408.000000
0.056742,0.049584,0.276508,1441.000000
0.053574,0.053435,0.276860,1472.000000
0.050701,0.057850,0.277244,1504.000000
0.047870,0.062320,0.277810,1536.000000
0.045242,0.066781,0.278376,1568.000000
0.041675,0.070589,0.278981,1600.000000
0.038199,0.073923,0.279593,1633.000000
0.034678,0.077225,0.280254,1664.000000
0.030386,0.080300,0.280961,1698.000000
0.026287,0.083316,0.281679,1727.000000
0.022012,0.086303,0.282369,1759.000000
0.018196,0.087303,0.283152,1808.000000
0.014243,0.088228,0.283980,1840.000000
0.009542,0.088930,0.284885,1874.000000
0.004953,0.091007,0.285799,1906.000000
0.000768,0.091184,0.286942,1938.000000
-0.002371,0.091259,0.288155,1970.000000
-0.005962,0.091287,0.289437,2002.000000
-0.009995,0.091287,0.290648,2034.000000
-0.013302,0.091055,0.291738,2066.000000
-0.016083,0.090331,0.292909,2098.000000
-0.019390,0.089911,0.293999,2129.000000
-0.021066,0.088051,0.295023,2161.000000
-0.022663,0.086880,0.295889,2209.000000
-0.024413,0.085734,0.296608,2242.000000
-0.025887,0.084173,0.297188,2273.000000
-0.026940,0.082279,0.297665,2306.000000
-0.027687,0.078836,0.298042,2337.000000
-0.028320,0.075960,0.298314,2370.000000
-0.028946,0.071961,0.298519,2399.000000
-0.030107,0.069999,0.298669,2433.000000
-0.030616,0.065872,0.298782,2463.000000
-0.031273,0.061999,0.298868,2496.000000
-0.032194,0.059489,0.298929,2527.000000
-0.033152,0.057324,0.298964,2560.000000
-0.034000,0.055575,0.298970,2609.000000
-0.034626,0.054419,0.298947,2640.000000
-0.035090,0.053618,0.298836,2673.000000
-0.035491,0.053331,0.298580,2704.000000
-0.035524,0.053052,0.298219,2736.000000
-0.035786,0.053591,0.297702,2770.000000
-0.035865,0.056007,0.297049,2800.000000
-0.035817,0.058358,0.296265,2832.000000
-0.035791,0.061555,0.295414,2865.000000
-0.035955,0.064699,0.294527,2896.000000
-0.035995,0.067241,0.293695,2928.000000
-0.036291,0.070361,0.292943,2976.000000
-0.036670,0.073124,0.292299,3008.000000
-0.037081,0.076249,0.291757,3040.000000
-0.038073,0.078666,0.291304,3072.000000
-0.038814,0.081843,0.290923,3104.000000
-0.039741,0.084321,0.290613,3138.000000
-0.040161,0.085789,0.290375,3169.000000
-0.040679,0.087013,0.290193,3202.000000
-0.040879,0.088292,0.290050,3233.000000
-0.041054,0.089012,0.289937,3266.000000
-0.041363,0.089526,0.289846,3297.000000
-0.041532,0.089567,0.289774,3330.000000
-0.041351,0.088151,0.289716,3377.000000
-0.041016,0.086166,0.289668,3411.000000
-0.040519,0.084390,0.289629,3441.000000
-0.040106,0.080464,0.289596,3475.000000
-0.039676,0.077037,0.289566,3505.000000
-0.038976,0.074155,0.289538,3536.000000
-0.038102,0.070045,0.289507,3568.000000
-0.037679,0.067328,0.289463,3600.000000
-0.037254,0.064176,0.289391,3633.000000
-0.036434,0.060652,0.289272,3664.000000
-0.036153,0.059072,0.289035,3696.000000
-0.035087,0.056038,0.288753,3729.000000
-0.034274,0.054178,0.288384,3780.000000
-0.033815,0.053437,0.287901,3808.000000
-0.033376,0.053050,0.287332,3842.000000
-0.032687,0.052706,0.286704,3872.000000
-0.032012,0.052548,0.286055,3907.000000
-0.030435,0.052587,0.285441,3936.000000
-0.028509,0.052891,0.284851,3968.000000
-0.026183,0.053416,0.284312,4000.000000
-0.023084,0.054549,0.283810,4035.000000
-0.020007,0.055776,0.283338,4063.000000
-0.016948,0.057038,0.282943,4098.000000
-0.014151,0.058375,0.282624,4128.000000
-0.010657,0.058727,0.282388,4177.000000
-0.007975,0.059042,0.282215,4209.000000
-0.005269,0.059223,0.282086,4240.000000
-0.002819,0.059680,0.281986,4272.000000
-0.000546,0.060213,0.281904,4304.000000
0.000202,0.060656,0.281836,4336.000000
0.000652,0.060945,0.281776,4368.000000
0.000923,0.061065,0.281722,4400.000000
0.000920,0.061196,0.281676,4432.000000
0.000910,0.061350,0.281638,4464.000000
0.000491,0.061337,0.281605,4497.000000
0.000110,0.061206,0.281579,4528.000000
-0.000447,0.061261,0.281557,4576.000000
-0.001097,0.061130,0.281542,4608.000000
