Domain id = 3
Class id = 2
User id = 6

<x>,<y>,<z>,<t>
-0.022299,0.039378,0.320579,9.000000
-0.022617,0.039465,0.320543,40.000000
-0.022827,0.039178,0.320511,73.000000
-0.023073,0.039130,0.320480,104.000000
-0.023283,0.038952,0.320453,137.000000
-0.023464,0.038916,0.320426,168.000000
-0.023464,0.038726,0.320402,202.000000
-0.023384,0.038774,0.320375,249.000000
-0.022783,0.038716,0.320347,280.000000
-0.021920,0.039066,0.320314,312.000000
-0.019963,0.039265,0.320283,344.000000
-0.016702,0.038781,0.320255,376.000000
-0.013519,0.038599,0.320231,408.000000
-0.009919,0.038736,0.320209,440.000000
-0.004921,0.038837,0.320187,474.000000
-0.000748,0.040088,0.320158,504.000000
0.004620,0.039828,0.320128,537.000000
0.009106,0.040800,0.320094,568.000000
0.014962,0.040051,0.320065,599.000000
0.019863,0.040547,0.320039,649.000000
0.024722,0.040939,0.320016,680.000000
0.029362,0.041250,0.319995,712.000000
0.035466,0.041018,0.319978,744.000000
0.040844,0.040718,0.319966,775.000000
0.045229,0.040828,0.319955,807.000000
0.049289,0.040375,0.319951,841.000000
0.053548,0.040349,0.319950,872.000000
0.057643,0.040561,0.319950,904.000000
0.060543,0.040916,0.319950,936.000000
0.063160,0.039366,0.319960,968.000000
0.065380,0.039592,0.319980,999.000000
0.067184,0.039391,0.320008,1047.000000
0.068246,0.038992,0.320043,1080.000000
0.069355,0.037588,0.320085,1112.000000
0.069867,0.036525,0.320132,1144.000000
0.070059,0.035936,0.320177,1175.000000
0.070161,0.035469,0.320224,1207.000000
0.069947,0.034851,0.320265,1240.000000
0.069945,0.032031,0.320307,1272.000000
0.069811,0.029473,0.320347,1303.000000
0.069725,0.026660,0.320387,1337.000000
0.069618,0.023947,0.320423,1368.000000
0.069472,0.021629,0.320455,1399.000000
0.069063,0.014430,0.320491,1448.000000
0.068671,0.008611,0.320537,1480.000000
0.068443,0.005662,0.320581,1512.000000
0.068252,0.001669,0.320623,1544.000000
0.068020,-0.008050,0.320678,1576.000000
0.067791,-0.015111,0.320769,1608.000000
0.067577,-0.020895,0.320912,1639.000000
0.067240,-0.029987,0.321170,1671.000000
0.067239,-0.036735,0.321543,1704.000000
0.067138,-0.042301,0.321959,1736.000000
0.067056,-0.048289,0.322427,1767.000000
0.066930,-0.055996,0.322973,1799.000000
0.066932,-0.062419,0.323700,1847.000000
0.067102,-0.067468,0.324452,1880.000000
0.067304,-0.073859,0.325316,1911.000000
0.067443,-0.074293,0.325977,1943.000000
0.068117,-0.079043,0.326634,1975.000000
0.068558,-0.081818,0.327204,2007.000000
0.068702,-0.085487,0.327753,2039.000000
0.068750,-0.087123,0.328290,2072.000000
0.068711,-0.087147,0.328718,2103.000000
0.068590,-0.087550,0.329093,2135.000000
0.067846,-0.087547,0.329456,2167.000000
0.066821,-0.086729,0.329742,2216.000000
0.065890,-0.085191,0.329954,2247.000000
0.063961,-0.084708,0.330135,2279.000000
0.061142,-0.085399,0.330380,2311.000000
0.057350,-0.085004,0.330576,2343.000000
0.053577,-0.085137,0.330761,2375.000000
0.048091,-0.085198,0.330961,2407.000000
0.041846,-0.084708,0.331120,2440.000000
0.034694,-0.084713,0.331243,2472.000000
0.030272,-0.084885,0.331361,2504.000000
0.024061,-0.084921,0.331459,2536.000000
0.019856,-0.085522,0.331553,2567.000000
0.015308,-0.086328,0.331639,2616.000000
0.013049,-0.087530,0.331747,2647.000000
0.009458,-0.087733,0.331844,2679.000000
0.006169,-0.087478,0.331931,2712.000000
0.003664,-0.087542,0.332009,2743.000000
0.001467,-0.087476,0.332079,2776.000000
-0.001850,-0.087422,0.332139,2808.000000
-0.003396,-0.087098,0.332201,2839.000000
-0.004667,-0.087096,0.332272,2871.000000
-0.005927,-0.087133,0.332341,2904.000000
-0.007335,-0.087060,0.332399,2936.000000
-0.008655,-0.087060,0.332454,2967.000000
-0.010185,-0.086752,0.332499,3016.000000
-0.012161,-0.085560,0.332537,3048.000000
-0.013312,-0.085416,0.332568,3079.000000
-0.013747,-0.085923,0.332596,3111.000000
-0.015020,-0.085880,0.332620,3143.000000
-0.015377,-0.086490,0.332647,3175.000000
-0.017027,-0.087045,0.332673,3208.000000
-0.018103,-0.087166,0.332696,3240.000000
-0.018668,-0.087565,0.332717,3272.000000
-0.020431,-0.087175,0.332736,3303.000000
-0.021351,-0.087173,0.332753,3336.000000
-0.023612,-0.086444,0.332767,3367.000000
-0.023823,-0.086233,0.332780,3415.000000
-0.024365,-0.084842,0.332792,3447.000000
-0.025132,-0.083017,0.332799,3480.000000
-0.025530,-0.079648,0.332805,3512.000000
-0.025494,-0.075947,0.332810,3544.000000
-0.025659,-0.070328,0.332810,3575.000000
-0.025597,-0.063083,0.332744,3608.000000
-0.025409,-0.056275,0.332591,3641.000000
-0.024866,-0.050824,0.332252,3673.000000
-0.023595,-0.044799,0.331878,3704.000000
-0.023150,-0.037553,0.331404,3737.000000
-0.022062,-0.032033,0.330902,3768.000000
-0.021812,-0.021914,0.330267,3816.000000
-0.021235,-0.017157,0.329449,3848.000000
-0.020497,-0.011415,0.328722,3881.000000
-0.020081,-0.004839,0.328103,3912.000000
-0.019900,0.003170,0.327461,3945.000000
-0.018971,0.005674,0.326898,3976.000000
-0.018802,0.013168,0.326412,4008.000000
-0.018689,0.017817,0.325991,4041.000000
-0.018492,0.020444,0.325643,4073.000000
-0.018450,0.024330,0.325300,4104.000000
-0.018060,0.025264,0.325000,4137.000000
-0.017986,0.027370,0.324731,4184.000000
-0.017815,0.028588,0.324483,4216.000000
-0.017484,0.029293,0.324262,4249.000000
-0.017519,0.030499,0.324057,4280.000000
-0.017314,0.030692,0.323873,4313.000000
-0.017295,0.031035,0.323696,4345.000000
-0.017233,0.031158,0.323520,4376.000000
-0.017089,0.031392,0.323338,4409.000000
