Domain id = 3
Class id = 5
User id = 6

<x>,<y>,<z>,<t>
0.003491,0.004696,0.329713,0.000000
0.003528,0.004460,0.329531,29.000000
0.003363,0.004021,0.329358,63.000000
0.003030,0.004215,0.329188,93.000000
0.002808,0.004081,0.329042,128.000000
0.002779,0.003529,0.328908,156.000000
0.002391,0.003343,0.328794,207.000000
0.001744,0.001315,0.328703,237.000000
0.000517,-0.000009,0.328628,268.000000
-0.001408,-0.001905,0.328568,301.000000
-0.003394,-0.003836,0.328520,336.000000
-0.006462,-0.006521,0.328484,367.000000
-0.009404,-0.010443,0.328469,400.000000
-0.012984,-0.015305,0.328468,431.000000
-0.016168,-0.020813,0.328492,463.000000
-0.020265,-0.023924,0.328578,496.000000
-0.023866,-0.030066,0.328818,527.000000
-0.026985,-0.032981,0.329142,557.000000
-0.029506,-0.037229,0.329576,605.000000
-0.032898,-0.041321,0.330148,640.000000
-0.034956,-0.045137,0.330836,671.000000
-0.037431,-0.048756,0.331821,703.000000
-0.039422,-0.053627,0.333036,734.000000
-0.041072,-0.057322,0.334159,767.000000
-0.044155,-0.058331,0.335115,799.000000
-0.045973,-0.060681,0.336179,828.000000
-0.048297,-0.063233,0.337370,862.000000
-0.050391,-0.065602,0.338477,894.000000
-0.052077,-0.067582,0.339547,926.000000
-0.053381,-0.069415,0.340611,958.000000
-0.053877,-0.071901,0.341530,1006.000000
-0.054197,-0.072666,0.342240,1038.000000
-0.055180,-0.072582,0.342761,1068.000000
-0.055111,-0.072702,0.343208,1103.000000
-0.054399,-0.073301,0.343616,1132.000000
-0.053614,-0.073318,0.343961,1165.000000
-0.053401,-0.071917,0.344209,1196.000000
-0.052277,-0.071713,0.344397,1231.000000
-0.050759,-0.071787,0.344568,1263.000000
-0.048444,-0.071629,0.344702,1294.000000
-0.045930,-0.071375,0.344812,1326.000000
-0.043773,-0.070557,0.344898,1358.000000
-0.039566,-0.070522,0.344967,1404.000000
-0.035648,-0.071111,0.345022,1438.000000
-0.033300,-0.070488,0.345058,1468.000000
-0.028561,-0.071002,0.345086,1503.000000
-0.025420,-0.071143,0.345106,1534.000000
-0.020936,-0.071383,0.345113,1566.000000
-0.016730,-0.071491,0.345091,1599.000000
-0.012411,-0.072027,0.345039,1631.000000
-0.007527,-0.072377,0.344950,1662.000000
-0.003838,-0.072888,0.344799,1694.000000
0.000975,-0.073142,0.344572,1726.000000
0.004855,-0.074004,0.344260,1775.000000
0.009159,-0.075906,0.343967,1804.000000
0.012780,-0.075904,0.343671,1838.000000
0.017784,-0.077942,0.343451,1871.000000
0.021885,-0.080317,0.343292,1902.000000
0.026007,-0.081071,0.343172,1932.000000
0.028563,-0.080367,0.343055,1966.000000
0.032809,-0.081212,0.342966,1997.000000
0.036207,-0.082550,0.342900,2032.000000
0.037200,-0.076965,0.342794,2060.000000
0.039941,-0.076944,0.342696,2094.000000
0.043115,-0.079270,0.342617,2124.000000
0.045675,-0.079407,0.342554,2175.000000
0.046565,-0.079471,0.342499,2207.000000
0.047303,-0.079136,0.342451,2239.000000
0.047716,-0.079206,0.342411,2269.000000
0.047747,-0.076368,0.342360,2303.000000
0.047538,-0.074802,0.342312,2334.000000
0.046872,-0.074770,0.342270,2366.000000
0.045192,-0.072025,0.342219,2399.000000
0.043780,-0.071149,0.342169,2431.000000
0.041863,-0.070573,0.342125,2463.000000
0.038250,-0.063168,0.342028,2494.000000
0.036197,-0.059854,0.341866,2527.000000
0.033779,-0.056448,0.341649,2575.000000
0.031698,-0.053676,0.341407,2607.000000
0.029469,-0.048926,0.341102,2638.000000
0.025962,-0.042898,0.340582,2672.000000
0.023608,-0.039375,0.339975,2704.000000
0.021578,-0.034822,0.339302,2735.000000
0.019879,-0.029981,0.338567,2767.000000
0.017952,-0.024611,0.337736,2799.000000
0.016785,-0.023363,0.336961,2828.000000
0.014104,-0.015630,0.335933,2862.000000
0.012992,-0.013649,0.335086,2893.000000
0.012037,-0.011411,0.334360,2927.000000
0.010001,-0.006034,0.333499,2973.000000
0.009414,-0.005187,0.332800,3007.000000
0.008888,-0.004429,0.332212,3037.000000
0.007695,-0.001029,0.331611,3072.000000
0.007211,-0.000346,0.331034,3101.000000
0.006671,0.000125,0.330503,3134.000000
0.005572,0.001195,0.329980,3165.000000
0.005074,0.001915,0.329493,3197.000000
0.004704,0.002271,0.329032,3229.000000
0.004332,0.002286,0.328623,3261.000000
0.004310,0.002202,0.328239,3292.000000
0.004209,0.002296,0.327863,3325.000000
0.003989,0.002258,0.327519,3373.000000
0.003308,0.002654,0.327179,3405.000000
0.003301,0.002468,0.326887,3436.000000
0.002910,0.002486,0.326611,3469.000000
0.002808,0.001781,0.326388,3501.000000
0.002646,0.000504,0.326218,3532.000000
0.001425,0.000228,0.326087,3565.000000
0.000515,0.000337,0.325982,3596.000000
-0.000904,0.000858,0.325898,3629.000000
-0.001860,0.000696,0.325830,3660.000000
-0.003853,0.000726,0.325776,3693.000000
-0.006158,0.001289,0.325734,3741.000000
-0.009314,0.002799,0.325698,3773.000000
-0.012474,0.005578,0.325668,3805.000000
-0.015072,0.007088,0.325649,3836.000000
-0.019382,0.012861,0.325632,3868.000000
-0.022173,0.015303,0.325619,3900.000000
-0.023756,0.017606,0.325610,3934.000000
-0.027160,0.023636,0.325603,3965.000000
-0.029002,0.025945,0.325599,3997.000000
-0.030690,0.028905,0.325598,4030.000000
-0.032386,0.032271,0.325599,4061.000000
-0.033720,0.036691,0.325602,4092.000000
-0.035093,0.041038,0.325606,4141.000000
-0.035565,0.044559,0.325610,4172.000000
-0.035551,0.048240,0.325614,4205.000000
-0.035112,0.051171,0.325618,4236.000000
-0.033976,0.055070,0.325622,4271.000000
-0.031635,0.059013,0.325626,4303.000000
-0.028403,0.062291,0.325632,4335.000000
-0.024524,0.065542,0.325638,4367.000000
-0.019398,0.067319,0.325645,4398.000000
-0.014411,0.069826,0.325652,4430.000000
-0.009324,0.070653,0.325660,4463.000000
-0.003749,0.071772,0.325671,4494.000000
0.002042,0.072761,0.325686,4540.000000
0.007645,0.073017,0.325713,4572.000000
0.012964,0.072575,0.325756,4606.000000
0.018874,0.071881,0.325819,4636.000000
0.024766,0.066604,0.325913,4671.000000
0.029447,0.064838,0.326027,4702.000000
0.033764,0.062589,0.326140,4735.000000
0.036414,0.059848,0.326272,4765.000000
0.039473,0.057586,0.326409,4799.000000
0.042320,0.050780,0.326605,4828.000000
0.044417,0.048391,0.326787,4861.000000
0.046020,0.042774,0.326975,4895.000000
0.046264,0.037680,0.327159,4940.000000
0.046282,0.034141,0.327320,4975.000000
0.045831,0.027436,0.327515,5005.000000
0.044930,0.024546,0.327696,5036.000000
0.043165,0.021834,0.327852,5069.000000
0.040326,0.019576,0.327974,5103.000000
0.036560,0.017249,0.328071,5133.000000
0.032718,0.012434,0.328148,5167.000000
0.029267,0.010066,0.328205,5197.000000
0.025209,0.007367,0.328247,5231.000000
0.022099,0.005268,0.328272,5261.000000
0.018952,0.004273,0.328278,5295.000000
0.016096,0.002272,0.328279,5341.000000
0.013547,0.000765,0.328265,5375.000000
0.010981,0.000230,0.328221,5404.000000
0.009380,-0.001705,0.328148,5437.000000
0.008030,-0.002132,0.328037,5468.000000
0.007007,-0.003667,0.327916,5501.000000
0.006303,-0.003872,0.327756,5533.000000
0.005900,-0.004060,0.327557,5564.000000
0.005653,-0.004049,0.327310,5596.000000
0.005203,-0.003262,0.326973,5629.000000
