Domain id = 3
Class id = 1
User id = 8

<x>,<y>,<z>,<t>
-0.111818,0.000624,0.397453,10.000000
-0.111809,0.000593,0.397377,41.000000
-0.111809,0.000668,0.397289,75.000000
-0.111831,0.000709,0.397180,107.000000
-0.111842,0.000695,0.397050,138.000000
-0.111871,0.000707,0.396913,185.000000
-0.111697,0.000746,0.396751,219.000000
-0.111617,0.001392,0.396577,251.000000
-0.110921,0.001800,0.396408,281.000000
-0.109740,0.002500,0.396258,313.000000
-0.108271,0.003300,0.396106,345.000000
-0.105810,0.003610,0.395967,378.000000
-0.103096,0.003943,0.395830,409.000000
-0.099917,0.004911,0.395673,442.000000
-0.095586,0.005000,0.395428,474.000000
-0.091396,0.005094,0.395125,507.000000
-0.087689,0.004909,0.394593,537.000000
-0.083785,0.005667,0.393756,585.000000
-0.080285,0.005671,0.392710,618.000000
-0.076386,0.005663,0.391612,651.000000
-0.072305,0.005404,0.390362,681.000000
-0.069348,0.005335,0.389104,714.000000
-0.066253,0.004503,0.387662,744.000000
-0.064180,0.004524,0.386236,779.000000
-0.061936,0.004472,0.384795,811.000000
-0.059838,0.004164,0.383269,842.000000
-0.058073,0.004076,0.381721,874.000000
-0.056763,0.003637,0.380399,906.000000
-0.055920,0.003496,0.379476,952.000000
-0.054956,0.002958,0.378663,984.000000
-0.054333,0.002868,0.377966,1017.000000
-0.053645,0.002904,0.377273,1048.000000
-0.053311,0.002979,0.376471,1080.000000
-0.053064,0.002966,0.375800,1113.000000
-0.052376,0.003250,0.375234,1145.000000
-0.051286,0.004229,0.374808,1176.000000
-0.050250,0.006457,0.374505,1208.000000
-0.048622,0.010158,0.374255,1240.000000
-0.046416,0.013455,0.374062,1272.000000
-0.043573,0.018788,0.373851,1304.000000
-0.040043,0.021988,0.373682,1353.000000
-0.036256,0.027789,0.373477,1385.000000
-0.032495,0.031660,0.373245,1416.000000
-0.028514,0.037261,0.373059,1448.000000
-0.024689,0.041008,0.372912,1479.000000
-0.021129,0.044753,0.372780,1512.000000
-0.017583,0.048379,0.372670,1544.000000
-0.014577,0.053611,0.372582,1576.000000
-0.012132,0.056669,0.372511,1608.000000
-0.009331,0.060417,0.372477,1640.000000
-0.006984,0.063686,0.372453,1672.000000
-0.005273,0.067458,0.372443,1705.000000
-0.003932,0.070704,0.372439,1751.000000
-0.002903,0.072596,0.372455,1784.000000
-0.001776,0.075579,0.372494,1816.000000
-0.001221,0.077175,0.372563,1848.000000
-0.000478,0.078076,0.372660,1880.000000
0.000001,0.078492,0.372775,1912.000000
0.000319,0.078434,0.372887,1944.000000
0.000405,0.077661,0.372990,1975.000000
0.000493,0.076086,0.373115,2008.000000
0.000511,0.073251,0.373215,2039.000000
0.000507,0.069783,0.373293,2071.000000
0.000537,0.065645,0.373357,2103.000000
0.000535,0.060746,0.373402,2151.000000
0.000560,0.055651,0.373418,2184.000000
0.000606,0.049694,0.373393,2216.000000
0.000978,0.044178,0.373273,2247.000000
0.001837,0.037821,0.373006,2280.000000
0.002809,0.031722,0.372481,2312.000000
0.004124,0.024083,0.371967,2344.000000
0.005480,0.016657,0.371465,2378.000000
0.006749,0.009650,0.370967,2412.000000
0.008405,0.001936,0.370505,2440.000000
0.010653,-0.004453,0.370002,2472.000000
0.012312,-0.011883,0.369486,2504.000000
0.014652,-0.019449,0.369079,2552.000000
0.016802,-0.025992,0.368700,2584.000000
0.018654,-0.031690,0.368398,2616.000000
0.020672,-0.038395,0.368132,2648.000000
0.022732,-0.043562,0.367839,2680.000000
0.024919,-0.048956,0.367514,2712.000000
0.027248,-0.053141,0.367192,2744.000000
0.028756,-0.057573,0.366837,2775.000000
0.030133,-0.060577,0.366411,2807.000000
0.031322,-0.063271,0.365794,2839.000000
0.032206,-0.064686,0.365110,2871.000000
0.032713,-0.065246,0.364145,2920.000000
0.033263,-0.065448,0.363277,2953.000000
0.033682,-0.064597,0.362481,2985.000000
0.034036,-0.061876,0.361566,3016.000000
0.034430,-0.058759,0.360681,3048.000000
0.035049,-0.054124,0.359831,3081.000000
0.035570,-0.050175,0.359040,3113.000000
0.036549,-0.043413,0.358330,3145.000000
0.037741,-0.038152,0.357737,3178.000000
0.039133,-0.031123,0.357217,3209.000000
0.040824,-0.024437,0.356839,3241.000000
0.042481,-0.018248,0.356570,3273.000000
0.044471,-0.010850,0.356308,3321.000000
0.047078,-0.004871,0.356122,3353.000000
0.049286,0.000804,0.355953,3385.000000
0.051659,0.006510,0.355824,3418.000000
0.053399,0.011109,0.355720,3449.000000
0.056259,0.016636,0.355635,3480.000000
0.057846,0.022000,0.355567,3512.000000
0.059504,0.027565,0.355511,3544.000000
0.061599,0.032253,0.355470,3576.000000
0.062830,0.036842,0.355460,3608.000000
0.063864,0.041369,0.355465,3641.000000
0.064390,0.045586,0.355513,3673.000000
0.065170,0.049267,0.355608,3721.000000
0.065479,0.051372,0.355782,3752.000000
0.065742,0.053674,0.355951,3785.000000
0.065888,0.056426,0.356151,3817.000000
0.065958,0.058244,0.356363,3848.000000
0.066108,0.059309,0.356582,3880.000000
0.066275,0.060139,0.356824,3912.000000
0.066417,0.060842,0.357140,3944.000000
0.066511,0.060997,0.357485,3976.000000
0.066520,0.060979,0.357739,4008.000000
0.066534,0.060184,0.357958,4041.000000
0.066550,0.058664,0.358145,4072.000000
0.066536,0.055820,0.358334,4121.000000
0.066522,0.053472,0.358481,4153.000000
0.066588,0.049432,0.358593,4186.000000
0.066588,0.045220,0.358685,4216.000000
0.066758,0.040138,0.358753,4248.000000
0.066950,0.035043,0.358808,4280.000000
0.067390,0.030561,0.358853,4312.000000
0.067727,0.024129,0.358890,4344.000000
0.068675,0.018062,0.358923,4376.000000
0.069812,0.011718,0.358948,4408.000000
0.071177,0.005657,0.358963,4440.000000
0.073124,0.000401,0.358975,4472.000000
0.074619,-0.005813,0.358977,4522.000000
0.076199,-0.011693,0.358977,4555.000000
0.078301,-0.017396,0.358970,4587.000000
0.080087,-0.023658,0.358948,4620.000000
0.081989,-0.030389,0.358884,4648.000000
0.083957,-0.036108,0.358772,4680.000000
0.085853,-0.041006,0.358591,4713.000000
0.087678,-0.046496,0.358294,4744.000000
0.089929,-0.050399,0.357974,4777.000000
0.091053,-0.054174,0.357489,4809.000000
0.092606,-0.056870,0.357018,4841.000000
0.093924,-0.060252,0.356560,4888.000000
0.094968,-0.062330,0.356138,4920.000000
0.096259,-0.063215,0.355669,4953.000000
0.097347,-0.065944,0.355216,4985.000000
0.098203,-0.065958,0.354823,5017.000000
0.098822,-0.066025,0.354414,5049.000000
0.099355,-0.066024,0.354000,5081.000000
0.099840,-0.065899,0.353644,5112.000000
0.100211,-0.063093,0.353285,5144.000000
0.100454,-0.061224,0.352759,5176.000000
0.100752,-0.055594,0.352314,5208.000000
0.100765,-0.051251,0.351509,5240.000000
0.100828,-0.046943,0.350843,5289.000000
0.100873,-0.041775,0.350287,5320.000000
0.100898,-0.037306,0.349812,5353.000000
0.100892,-0.033172,0.349448,5385.000000
0.101004,-0.028366,0.349133,5417.000000
0.101049,-0.021041,0.348903,5449.000000
0.101083,-0.017497,0.348717,5480.000000
0.101094,-0.014091,0.348580,5513.000000
0.101096,-0.007665,0.348476,5544.000000
0.101010,-0.003956,0.348404,5577.000000
0.100990,-0.001683,0.348347,5609.000000
0.100832,0.001714,0.348303,5640.000000
0.100833,0.005708,0.348269,5688.000000
0.100831,0.008642,0.348238,5720.000000
0.101012,0.010014,0.348213,5752.000000
0.101296,0.011971,0.348190,5785.000000
0.101825,0.014185,0.348169,5817.000000
0.102674,0.014736,0.348148,5848.000000
0.104584,0.015749,0.348130,5881.000000
0.106470,0.016125,0.348114,5912.000000
0.109254,0.016091,0.348099,5944.000000
0.112680,0.016091,0.348087,5976.000000
0.116676,0.016542,0.348070,6008.000000
0.120955,0.016529,0.348043,6041.000000
0.126311,0.016990,0.348019,6088.000000
0.131699,0.017529,0.347998,6121.000000
0.136163,0.017835,0.347981,6153.000000
0.139932,0.018028,0.347998,6184.000000
0.142779,0.018163,0.348032,6216.000000
0.144930,0.018556,0.348095,6248.000000
0.146603,0.019173,0.348193,6280.000000
