Domain id = 3
Class id = 4
User id = 8

<x>,<y>,<z>,<t>
-0.051208,-0.065514,0.390224,17.000000
-0.051112,-0.065532,0.390282,49.000000
-0.051055,-0.065766,0.390335,80.000000
-0.050969,-0.066158,0.390386,112.000000
-0.050896,-0.066080,0.390429,145.000000
-0.050844,-0.066088,0.390465,179.000000
-0.050841,-0.065747,0.390498,224.000000
-0.051106,-0.064489,0.390526,256.000000
-0.051204,-0.062355,0.390551,288.000000
-0.051260,-0.061180,0.390597,321.000000
-0.051425,-0.056294,0.390649,353.000000
-0.051707,-0.051158,0.390706,385.000000
-0.051668,-0.048791,0.390790,416.000000
-0.051670,-0.044932,0.390895,449.000000
-0.051688,-0.038787,0.391014,484.000000
-0.051738,-0.032440,0.391114,513.000000
-0.051810,-0.028029,0.391198,548.000000
-0.051876,-0.019115,0.391271,578.000000
-0.051901,-0.014339,0.391335,626.000000
-0.051855,-0.009489,0.391388,659.000000
-0.051756,-0.002305,0.391431,692.000000
-0.051489,0.002390,0.391467,723.000000
-0.051290,0.007660,0.391501,753.000000
-0.051208,0.014611,0.391535,786.000000
-0.050815,0.019317,0.391568,819.000000
-0.050200,0.025240,0.391600,850.000000
-0.049224,0.029585,0.391629,882.000000
-0.047940,0.035223,0.391660,912.000000
-0.046579,0.038271,0.391695,945.000000
-0.045646,0.043011,0.391736,979.000000
-0.044101,0.045958,0.391772,1026.000000
-0.042241,0.048816,0.391803,1058.000000
-0.040792,0.051535,0.391830,1089.000000
-0.039728,0.054676,0.391855,1123.000000
-0.038097,0.056990,0.391876,1156.000000
-0.036697,0.059059,0.391895,1186.000000
-0.034383,0.059542,0.391911,1218.000000
-0.032471,0.060451,0.391923,1251.000000
-0.030381,0.061480,0.391932,1283.000000
-0.027858,0.061795,0.391938,1314.000000
-0.025384,0.061930,0.391937,1346.000000
-0.022543,0.061918,0.391918,1378.000000
-0.020393,0.061915,0.391825,1428.000000
-0.017126,0.061394,0.391593,1458.000000
-0.014374,0.060985,0.391372,1490.000000
-0.012372,0.060409,0.390985,1523.000000
-0.009892,0.059582,0.390603,1555.000000
-0.007790,0.057602,0.390003,1584.000000
-0.005566,0.055870,0.389229,1616.000000
-0.004146,0.053672,0.388537,1649.000000
-0.001982,0.051121,0.387947,1682.000000
-0.000430,0.048694,0.387305,1715.000000
0.000666,0.046046,0.386614,1746.000000
0.002158,0.041918,0.385761,1779.000000
0.003251,0.038959,0.385053,1826.000000
0.004295,0.035552,0.384197,1858.000000
0.004709,0.032496,0.383363,1892.000000
0.004938,0.027760,0.382562,1923.000000
0.005192,0.024124,0.381898,1953.000000
0.005260,0.019027,0.381129,1985.000000
0.005166,0.015498,0.380515,2019.000000
0.004623,0.010674,0.379862,2050.000000
0.003643,0.006945,0.379431,2081.000000
0.002192,0.002437,0.379055,2117.000000
-0.000183,-0.000929,0.378777,2147.000000
-0.002936,-0.004662,0.378578,2195.000000
-0.007007,-0.007472,0.378426,2226.000000
-0.010753,-0.009401,0.378299,2257.000000
-0.014593,-0.010886,0.378191,2291.000000
-0.017487,-0.012765,0.378092,2324.000000
-0.021007,-0.013272,0.378006,2356.000000
-0.024136,-0.013508,0.377930,2387.000000
-0.026627,-0.013527,0.377854,2417.000000
-0.029382,-0.013487,0.377764,2450.000000
-0.031963,-0.012333,0.377660,2484.000000
-0.034334,-0.009224,0.377544,2516.000000
-0.035937,-0.007176,0.377439,2546.000000
-0.037615,-0.004176,0.377340,2596.000000
-0.039115,-0.000538,0.377257,2628.000000
-0.040458,0.002391,0.377184,2660.000000
-0.041125,0.005951,0.377125,2690.000000
-0.041472,0.009370,0.377069,2723.000000
-0.041863,0.013885,0.377014,2756.000000
-0.041911,0.016276,0.376963,2787.000000
-0.041874,0.018788,0.376900,2818.000000
-0.041874,0.023820,0.376831,2852.000000
-0.041659,0.027071,0.376759,2883.000000
-0.041226,0.030373,0.376689,2915.000000
-0.040444,0.033743,0.376630,2946.000000
-0.039486,0.037192,0.376577,2994.000000
-0.037978,0.039851,0.376528,3028.000000
-0.036133,0.042453,0.376475,3057.000000
-0.034110,0.044458,0.376423,3090.000000
-0.031952,0.045913,0.376376,3122.000000
-0.029406,0.047681,0.376332,3154.000000
-0.026454,0.048576,0.376291,3186.000000
-0.023749,0.049249,0.376244,3219.000000
-0.020888,0.049815,0.376193,3249.000000
-0.017779,0.050059,0.376124,3283.000000
-0.015279,0.050229,0.376048,3315.000000
-0.012728,0.050302,0.375965,3347.000000
-0.010577,0.050348,0.375848,3392.000000
-0.008526,0.050350,0.375722,3426.000000
-0.006654,0.050218,0.375578,3459.000000
-0.004619,0.049805,0.375462,3491.000000
-0.002899,0.049651,0.375348,3521.000000
-0.001016,0.049070,0.375247,3552.000000
0.000644,0.047887,0.375071,3587.000000
0.002464,0.046328,0.374862,3618.000000
0.003727,0.044782,0.374535,3650.000000
0.005243,0.042549,0.374250,3683.000000
0.006794,0.039987,0.373900,3715.000000
0.008063,0.037593,0.373377,3745.000000
0.009492,0.032789,0.372909,3796.000000
0.010513,0.028843,0.372174,3827.000000
0.011459,0.024305,0.371635,3859.000000
0.012593,0.018485,0.371152,3893.000000
0.013377,0.012914,0.370736,3924.000000
0.014257,0.007313,0.370340,3955.000000
0.014914,0.001434,0.370024,3987.000000
0.015436,-0.004569,0.369713,4020.000000
0.015954,-0.010878,0.369444,4053.000000
0.016270,-0.016197,0.369146,4084.000000
0.016571,-0.022420,0.368853,4117.000000
0.016645,-0.028459,0.368611,4161.000000
0.016776,-0.034091,0.368368,4194.000000
0.016789,-0.039730,0.368185,4226.000000
0.016772,-0.044780,0.368027,4258.000000
0.016772,-0.049489,0.367896,4291.000000
0.016664,-0.054671,0.367789,4324.000000
0.016618,-0.057981,0.367684,4355.000000
0.016184,-0.061436,0.367572,4389.000000
0.015932,-0.064051,0.367475,4420.000000
0.015649,-0.065925,0.367393,4453.000000
0.015519,-0.067781,0.367309,4485.000000
0.015388,-0.068809,0.367225,4516.000000
0.015261,-0.069653,0.367148,4563.000000
