Domain id = 3
Class id = 5
User id = 8

<x>,<y>,<z>,<t>
-0.014446,0.020546,0.351657,20.000000
-0.014442,0.020550,0.351637,49.000000
-0.014442,0.020611,0.351609,84.000000
-0.014457,0.020595,0.351575,118.000000
-0.014440,0.020612,0.351530,145.000000
-0.014453,0.020727,0.351478,179.000000
-0.014529,0.020747,0.351423,211.000000
-0.014608,0.020749,0.351342,241.000000
-0.014723,0.020575,0.351263,276.000000
-0.015664,0.020108,0.351173,305.000000
-0.017069,0.019153,0.351099,353.000000
-0.018756,0.017422,0.351040,387.000000
-0.020976,0.015293,0.350992,417.000000
-0.023958,0.012983,0.350956,450.000000
-0.027289,0.010485,0.350928,484.000000
-0.030935,0.007603,0.350912,513.000000
-0.034728,0.003754,0.350905,547.000000
-0.039156,-0.000473,0.350906,578.000000
-0.043713,-0.005382,0.350924,610.000000
-0.047883,-0.009542,0.350982,643.000000
-0.051781,-0.013518,0.351058,672.000000
-0.055829,-0.016805,0.351147,707.000000
-0.059612,-0.021514,0.351245,752.000000
-0.062745,-0.025742,0.351354,785.000000
-0.066163,-0.027840,0.351449,818.000000
-0.069554,-0.030420,0.351539,848.000000
-0.072378,-0.034875,0.351643,882.000000
-0.074738,-0.036988,0.351731,913.000000
-0.076859,-0.037496,0.351802,945.000000
-0.079102,-0.040807,0.351861,977.000000
-0.080607,-0.042062,0.351911,1009.000000
-0.082043,-0.042893,0.351958,1041.000000
-0.082949,-0.044722,0.351995,1073.000000
-0.083796,-0.046095,0.352022,1105.000000
-0.084955,-0.047478,0.352037,1154.000000
-0.085466,-0.048324,0.352041,1186.000000
-0.085797,-0.049255,0.352042,1217.000000
-0.085832,-0.049456,0.352036,1250.000000
-0.085807,-0.049723,0.352029,1281.000000
-0.085375,-0.051874,0.352002,1312.000000
-0.084249,-0.052347,0.351952,1345.000000
-0.081852,-0.052446,0.351905,1377.000000
-0.078781,-0.052634,0.351860,1409.000000
-0.074864,-0.052617,0.351782,1442.000000
-0.070988,-0.052789,0.351681,1474.000000
-0.065886,-0.053077,0.351553,1521.000000
-0.061628,-0.053071,0.351387,1553.000000
-0.055986,-0.053141,0.351179,1586.000000
-0.050678,-0.053160,0.350909,1617.000000
-0.045105,-0.053476,0.350404,1648.000000
-0.038766,-0.053507,0.349980,1685.000000
-0.033510,-0.053293,0.349606,1713.000000
-0.027065,-0.052715,0.348905,1748.000000
-0.020120,-0.052295,0.348033,1779.000000
-0.013566,-0.052129,0.347156,1813.000000
-0.007195,-0.051800,0.345829,1841.000000
-0.001611,-0.051324,0.344324,1875.000000
0.004879,-0.050189,0.342815,1923.000000
0.011006,-0.049453,0.341501,1957.000000
0.016585,-0.048849,0.339983,1989.000000
0.021606,-0.048312,0.338897,2020.000000
0.026182,-0.047731,0.337836,2052.000000
0.030449,-0.047346,0.336728,2083.000000
0.033979,-0.047004,0.335741,2116.000000
0.036884,-0.046921,0.335017,2149.000000
0.039029,-0.046915,0.334318,2181.000000
0.040896,-0.046902,0.333669,2213.000000
0.042172,-0.046916,0.333184,2244.000000
0.042938,-0.046973,0.332740,2275.000000
0.043751,-0.047265,0.332251,2324.000000
0.044230,-0.047398,0.331755,2357.000000
0.044415,-0.047557,0.331235,2389.000000
0.044420,-0.047725,0.330655,2421.000000
0.044320,-0.047677,0.330077,2452.000000
0.043730,-0.047444,0.329587,2484.000000
0.042689,-0.046970,0.329159,2515.000000
0.040775,-0.045844,0.328811,2550.000000
0.038926,-0.044197,0.328528,2580.000000
0.036963,-0.042310,0.328276,2612.000000
0.034074,-0.039572,0.328086,2645.000000
0.031509,-0.037271,0.327939,2675.000000
0.028455,-0.034732,0.327789,2724.000000
0.025729,-0.032387,0.327652,2757.000000
0.022699,-0.029514,0.327545,2788.000000
0.020030,-0.026479,0.327462,2821.000000
0.016954,-0.023631,0.327391,2852.000000
0.013779,-0.021453,0.327334,2884.000000
0.010704,-0.019271,0.327288,2915.000000
0.007167,-0.015816,0.327249,2949.000000
0.003886,-0.013519,0.327216,2978.000000
0.000973,-0.010100,0.327187,3013.000000
-0.001446,-0.006976,0.327161,3044.000000
-0.004465,-0.004532,0.327139,3075.000000
-0.006880,-0.001586,0.327124,3121.000000
-0.009265,0.000539,0.327111,3156.000000
-0.011251,0.002784,0.327098,3189.000000
-0.012550,0.004117,0.327088,3217.000000
-0.014058,0.005682,0.327078,3249.000000
-0.015376,0.006794,0.327069,3281.000000
-0.016591,0.007771,0.327061,3315.000000
-0.017294,0.009145,0.327053,3350.000000
-0.017898,0.009685,0.327045,3379.000000
-0.018465,0.010069,0.327037,3410.000000
-0.018882,0.010592,0.327029,3442.000000
-0.019263,0.011112,0.327022,3492.000000
-0.019706,0.011387,0.327013,3525.000000
-0.020084,0.011512,0.327005,3553.000000
-0.020260,0.011695,0.326994,3587.000000
-0.020510,0.011795,0.326984,3618.000000
-0.020712,0.012083,0.326970,3650.000000
-0.021164,0.012238,0.326954,3685.000000
-0.021767,0.012593,0.326936,3714.000000
-0.022682,0.013353,0.326917,3746.000000
-0.023780,0.013720,0.326900,3780.000000
-0.025221,0.014147,0.326885,3810.000000
-0.026652,0.015671,0.326871,3841.000000
-0.027940,0.017489,0.326859,3892.000000
-0.029812,0.018498,0.326847,3920.000000
-0.031178,0.020585,0.326836,3953.000000
-0.032078,0.022733,0.326826,3984.000000
-0.033367,0.024925,0.326818,4017.000000
-0.034401,0.028368,0.326810,4048.000000
-0.035180,0.030697,0.326804,4081.000000
-0.035872,0.032845,0.326798,4115.000000
-0.036345,0.036432,0.326794,4145.000000
-0.036652,0.038988,0.326791,4179.000000
-0.036749,0.041574,0.326790,4210.000000
-0.036741,0.043045,0.326790,4245.000000
-0.036474,0.044932,0.326790,4290.000000
-0.035635,0.046314,0.326794,4325.000000
-0.033912,0.048123,0.326804,4353.000000
-0.031625,0.048953,0.326819,4387.000000
-0.028289,0.049766,0.326841,4417.000000
-0.025453,0.050320,0.326873,4451.000000
-0.022027,0.050583,0.326908,4483.000000
-0.018969,0.051261,0.326939,4516.000000
-0.016061,0.051286,0.326966,4547.000000
-0.012788,0.051413,0.326990,4577.000000
-0.009731,0.051451,0.327011,4611.000000
-0.006920,0.051265,0.327029,4644.000000
-0.004280,0.051078,0.327044,4692.000000
-0.001981,0.050190,0.327057,4724.000000
-0.000009,0.049097,0.327067,4756.000000
0.001264,0.047761,0.327071,4787.000000
0.002799,0.046149,0.327072,4820.000000
0.003554,0.044158,0.327072,4852.000000
0.004115,0.041704,0.327068,4883.000000
0.004399,0.039029,0.327055,4915.000000
0.004475,0.035628,0.327031,4950.000000
0.004445,0.032341,0.326994,4980.000000
0.004063,0.029406,0.326932,5012.000000
0.003325,0.026532,0.326816,5041.000000
0.001824,0.023713,0.326667,5091.000000
0.000192,0.021719,0.326500,5123.000000
-0.001846,0.019758,0.326296,5153.000000
-0.003825,0.018255,0.326091,5185.000000
-0.005894,0.017009,0.325907,5217.000000
-0.008324,0.015944,0.325744,5250.000000
-0.011107,0.014919,0.325604,5282.000000
-0.013723,0.014217,0.325472,5314.000000
-0.015725,0.013624,0.325330,5347.000000
-0.018184,0.013349,0.325151,5379.000000
-0.020422,0.012870,0.324993,5410.000000
-0.022227,0.012713,0.324832,5460.000000
-0.023928,0.012652,0.324683,5491.000000
-0.025587,0.012623,0.324540,5524.000000
-0.026888,0.012611,0.324414,5553.000000
-0.027777,0.012655,0.324287,5587.000000
-0.028538,0.012732,0.324164,5617.000000
-0.028963,0.012768,0.324040,5649.000000
-0.029218,0.012768,0.323920,5682.000000
-0.029360,0.013013,0.323788,5713.000000
-0.029447,0.013209,0.323654,5745.000000
