Domain id = 3
Class id = 5
User id = 8

<x>,<y>,<z>,<t>
-0.014837,0.021996,0.373778,19.000000
-0.014735,0.021977,0.373584,66.000000
-0.014730,0.022065,0.373369,96.000000
-0.014699,0.022348,0.373161,128.000000
-0.014699,0.022557,0.372968,163.000000
-0.014924,0.022562,0.372799,193.000000
-0.015123,0.022666,0.372670,227.000000
-0.015641,0.022349,0.372570,258.000000
-0.016504,0.021973,0.372495,289.000000
-0.017542,0.021327,0.372441,321.000000
-0.019088,0.019896,0.372396,355.000000
-0.021329,0.017793,0.372365,384.000000
-0.023415,0.015959,0.372346,416.000000
-0.025668,0.014331,0.372337,466.000000
-0.028394,0.010854,0.372335,495.000000
-0.030822,0.007593,0.372335,530.000000
-0.033822,0.003222,0.372337,560.000000
-0.036036,-0.000438,0.372339,592.000000
-0.038649,-0.003949,0.372341,627.000000
-0.042439,-0.007431,0.372343,659.000000
-0.045415,-0.012814,0.372345,690.000000
-0.048484,-0.016304,0.372347,722.000000
-0.051240,-0.021397,0.372349,755.000000
-0.054781,-0.023950,0.372350,787.000000
-0.057849,-0.027728,0.372352,816.000000
-0.060664,-0.028909,0.372354,866.000000
-0.063339,-0.037367,0.372357,896.000000
-0.065676,-0.037451,0.372358,929.000000
-0.067488,-0.038363,0.372360,963.000000
-0.070281,-0.043021,0.372361,992.000000
-0.071647,-0.044026,0.372360,1024.000000
-0.073357,-0.044506,0.372351,1059.000000
-0.074488,-0.046112,0.372331,1088.000000
-0.076025,-0.047019,0.372255,1119.000000
-0.077375,-0.048985,0.372148,1155.000000
-0.078979,-0.049938,0.371970,1184.000000
-0.080009,-0.051838,0.371741,1235.000000
-0.080430,-0.053723,0.371448,1264.000000
-0.080680,-0.056355,0.371134,1297.000000
-0.080813,-0.058309,0.370833,1328.000000
-0.080840,-0.059510,0.370462,1360.000000
-0.080628,-0.059754,0.369977,1394.000000
-0.079731,-0.060475,0.369388,1427.000000
-0.078875,-0.062684,0.368864,1455.000000
-0.076215,-0.065909,0.368469,1490.000000
-0.072739,-0.065750,0.368010,1523.000000
-0.069621,-0.065555,0.367538,1556.000000
-0.065591,-0.066435,0.367193,1584.000000
-0.060287,-0.067115,0.366883,1632.000000
-0.055736,-0.066692,0.366503,1665.000000
-0.049450,-0.066710,0.366096,1696.000000
-0.043092,-0.066416,0.365645,1730.000000
-0.036476,-0.066167,0.365091,1762.000000
-0.029036,-0.065647,0.364534,1794.000000
-0.021361,-0.065321,0.363909,1827.000000
-0.012968,-0.064465,0.363229,1857.000000
-0.005180,-0.064269,0.361939,1888.000000
0.002236,-0.063489,0.360221,1923.000000
0.009798,-0.062527,0.358575,1954.000000
0.016664,-0.061797,0.356604,1986.000000
0.022891,-0.061400,0.354809,2036.000000
0.028997,-0.060999,0.353386,2068.000000
0.034225,-0.060934,0.351759,2100.000000
0.039843,-0.060488,0.350326,2132.000000
0.044361,-0.060018,0.348936,2161.000000
0.048959,-0.059728,0.347887,2195.000000
0.053231,-0.059668,0.347018,2225.000000
0.057109,-0.059643,0.346343,2259.000000
0.060444,-0.059778,0.345718,2291.000000
0.063248,-0.059886,0.345086,2323.000000
0.065878,-0.060334,0.344476,2355.000000
0.068339,-0.060538,0.343905,2386.000000
0.070046,-0.060854,0.343462,2434.000000
0.071299,-0.061192,0.343057,2469.000000
0.072167,-0.061356,0.342701,2499.000000
0.072562,-0.061357,0.342297,2533.000000
0.072632,-0.061111,0.341834,2564.000000
0.072567,-0.060303,0.341370,2595.000000
0.071949,-0.059599,0.340984,2627.000000
0.070936,-0.058793,0.340695,2660.000000
0.069176,-0.057873,0.340459,2691.000000
0.067433,-0.056030,0.340238,2723.000000
0.065454,-0.054649,0.340061,2756.000000
0.063343,-0.052521,0.339892,2787.000000
0.061008,-0.050286,0.339745,2835.000000
0.058359,-0.047012,0.339620,2869.000000
0.055825,-0.043787,0.339487,2900.000000
0.052799,-0.040974,0.339371,2931.000000
0.049435,-0.037918,0.339251,2963.000000
0.046173,-0.034190,0.339146,2994.000000
0.042250,-0.029994,0.339041,3026.000000
0.038861,-0.025361,0.338845,3059.000000
0.034683,-0.022060,0.338685,3091.000000
0.031081,-0.017426,0.338530,3124.000000
0.027310,-0.012472,0.338382,3155.000000
0.023652,-0.008521,0.338246,3202.000000
0.020015,-0.004680,0.338112,3236.000000
0.016144,-0.001319,0.338005,3268.000000
0.012602,0.002510,0.337852,3299.000000
0.009756,0.005344,0.337702,3332.000000
0.007158,0.008741,0.337550,3363.000000
0.004446,0.011089,0.337417,3394.000000
0.002244,0.013332,0.337264,3424.000000
0.000159,0.015068,0.337111,3459.000000
-0.001257,0.016067,0.336967,3490.000000
-0.002593,0.017289,0.336827,3521.000000
-0.003961,0.018954,0.336688,3554.000000
-0.005002,0.020044,0.336556,3603.000000
-0.005920,0.020979,0.336386,3633.000000
-0.006815,0.021865,0.336200,3666.000000
-0.007535,0.022267,0.335950,3697.000000
-0.008594,0.023247,0.335714,3729.000000
-0.009347,0.023773,0.335511,3764.000000
-0.009954,0.024673,0.335267,3793.000000
-0.010637,0.025419,0.335019,3827.000000
-0.011223,0.025629,0.334767,3859.000000
-0.011621,0.026149,0.334497,3891.000000
-0.012358,0.026149,0.334259,3923.000000
-0.013532,0.026106,0.334074,3953.000000
-0.015025,0.025176,0.333932,4003.000000
-0.017223,0.024373,0.333820,4033.000000
-0.020268,0.023087,0.333729,4066.000000
-0.023205,0.022404,0.333652,4097.000000
-0.025993,0.022107,0.333585,4128.000000
-0.029694,0.021585,0.333527,4162.000000
-0.033105,0.021383,0.333476,4191.000000
-0.035796,0.021423,0.333431,4226.000000
-0.038559,0.022593,0.333384,4257.000000
-0.041688,0.023508,0.333334,4291.000000
-0.044513,0.025080,0.333274,4320.000000
-0.047044,0.026759,0.333203,4353.000000
-0.048794,0.030960,0.333129,4401.000000
-0.050713,0.033359,0.333052,4435.000000
-0.052182,0.037131,0.332976,4465.000000
-0.053615,0.040354,0.332899,4498.000000
-0.055039,0.043372,0.332836,4531.000000
-0.055950,0.046117,0.332785,4563.000000
-0.056485,0.049570,0.332742,4595.000000
-0.056626,0.053736,0.332707,4626.000000
-0.056608,0.058022,0.332680,4657.000000
-0.056251,0.061787,0.332669,4691.000000
-0.055368,0.065228,0.332668,4723.000000
-0.053090,0.068156,0.332674,4754.000000
-0.050946,0.071533,0.332698,4802.000000
-0.047801,0.073333,0.332740,4835.000000
-0.043964,0.074291,0.332807,4866.000000
-0.040055,0.075538,0.332890,4897.000000
-0.035408,0.076154,0.332990,4928.000000
-0.031140,0.076467,0.333080,4962.000000
-0.027032,0.076839,0.333159,4994.000000
-0.023035,0.076867,0.333235,5025.000000
-0.018946,0.076438,0.333305,5057.000000
-0.015281,0.075869,0.333365,5089.000000
-0.011752,0.075042,0.333417,5122.000000
-0.008079,0.073344,0.333466,5170.000000
-0.005261,0.071536,0.333506,5201.000000
-0.002293,0.069484,0.333539,5234.000000
0.000874,0.065723,0.333566,5268.000000
0.003073,0.063143,0.333589,5298.000000
0.004956,0.058286,0.333605,5329.000000
0.006695,0.054497,0.333611,5360.000000
0.007499,0.050455,0.333611,5392.000000
0.008021,0.046083,0.333593,5426.000000
0.008105,0.042743,0.333539,5455.000000
0.007726,0.039575,0.333400,5490.000000
0.006377,0.035986,0.333178,5522.000000
0.004280,0.032970,0.332921,5571.000000
0.001531,0.031534,0.332587,5601.000000
-0.001210,0.029859,0.332207,5634.000000
-0.004478,0.028569,0.331866,5667.000000
-0.006915,0.027592,0.331541,5697.000000
-0.009423,0.026940,0.331220,5731.000000
-0.011345,0.026551,0.330952,5761.000000
-0.012688,0.026298,0.330680,5794.000000
-0.013832,0.025895,0.330435,5826.000000
