Domain id = 3
Class id = 7
User id = 8

<x>,<y>,<z>,<t>
-0.039713,-0.057233,0.374946,9.000000
-0.039730,-0.057061,0.374969,41.000000
-0.039721,-0.056926,0.374989,88.000000
-0.039725,-0.056920,0.375012,121.000000
-0.039485,-0.056594,0.375034,152.000000
-0.039327,-0.056893,0.375058,184.000000
-0.038917,-0.056956,0.375081,216.000000
-0.037825,-0.057003,0.375117,248.000000
-0.036825,-0.056914,0.375152,280.000000
-0.035542,-0.057362,0.375199,314.000000
-0.033352,-0.058024,0.375247,344.000000
-0.031260,-0.058389,0.375289,376.000000
-0.028317,-0.059023,0.375323,407.000000
-0.024991,-0.059868,0.375345,458.000000
-0.021303,-0.060656,0.375350,489.000000
-0.017158,-0.061751,0.375330,519.000000
-0.012285,-0.062321,0.375126,552.000000
-0.007271,-0.062318,0.374725,585.000000
-0.001550,-0.061778,0.373943,616.000000
0.004017,-0.060473,0.373117,652.000000
0.010408,-0.056861,0.372034,680.000000
0.017043,-0.053098,0.370819,713.000000
0.024857,-0.047902,0.369476,745.000000
0.031995,-0.043069,0.368185,777.000000
0.038546,-0.037120,0.367180,809.000000
0.044678,-0.031400,0.366368,856.000000
0.049963,-0.024000,0.365719,888.000000
0.054877,-0.017129,0.365184,920.000000
0.059119,-0.008787,0.364741,952.000000
0.062148,-0.002309,0.364423,984.000000
0.063896,0.006060,0.364198,1016.000000
0.064656,0.013585,0.364020,1047.000000
0.064915,0.021531,0.363908,1079.000000
0.064320,0.028339,0.363820,1112.000000
0.062080,0.035841,0.363796,1144.000000
0.058046,0.041198,0.363784,1176.000000
0.052577,0.045491,0.363900,1208.000000
0.046386,0.049537,0.364655,1256.000000
0.040218,0.053319,0.366072,1288.000000
0.034304,0.055402,0.367827,1320.000000
0.026650,0.057193,0.369555,1352.000000
0.020111,0.058226,0.371435,1383.000000
0.012882,0.058773,0.373345,1416.000000
0.007312,0.059189,0.374965,1448.000000
0.000753,0.059328,0.376513,1479.000000
-0.004958,0.058770,0.377966,1512.000000
-0.010456,0.058041,0.379144,1544.000000
-0.015208,0.057225,0.380598,1576.000000
-0.019575,0.055435,0.381658,1609.000000
-0.023536,0.053782,0.382571,1655.000000
-0.026642,0.053020,0.383372,1687.000000
-0.029642,0.050636,0.384223,1720.000000
-0.031311,0.049230,0.384954,1751.000000
-0.033035,0.046918,0.385538,1786.000000
-0.034804,0.044836,0.386047,1819.000000
-0.036331,0.042137,0.386668,1849.000000
-0.036971,0.040815,0.387212,1882.000000
-0.037847,0.038156,0.387646,1915.000000
-0.038549,0.035955,0.388005,1946.000000
-0.038876,0.034848,0.388364,1978.000000
-0.039297,0.033050,0.388672,2010.000000
-0.039869,0.031808,0.388934,2059.000000
-0.040164,0.030082,0.389188,2090.000000
-0.040421,0.029417,0.389390,2122.000000
-0.040921,0.027255,0.389550,2154.000000
-0.041639,0.026866,0.389682,2187.000000
-0.042123,0.027017,0.389795,2218.000000
-0.042734,0.027220,0.389892,2249.000000
-0.043242,0.028558,0.389974,2281.000000
-0.044155,0.029469,0.390051,2312.000000
-0.045049,0.031525,0.390117,2347.000000
-0.046469,0.034524,0.390234,2378.000000
-0.047991,0.036777,0.390378,2426.000000
-0.049395,0.040123,0.390570,2457.000000
-0.051044,0.044387,0.390915,2490.000000
-0.052569,0.047036,0.391254,2522.000000
-0.053897,0.052288,0.391646,2553.000000
-0.055200,0.055540,0.392138,2585.000000
-0.056240,0.057697,0.392623,2617.000000
-0.057729,0.060350,0.393149,2650.000000
-0.058825,0.062483,0.393630,2681.000000
-0.060087,0.064448,0.394149,2714.000000
-0.061328,0.065930,0.394701,2746.000000
-0.062438,0.067112,0.395241,2778.000000
-0.063072,0.067747,0.395854,2825.000000
-0.063520,0.067935,0.396466,2857.000000
-0.063848,0.068270,0.397023,2888.000000
-0.064181,0.069104,0.397469,2922.000000
-0.064195,0.068194,0.397826,2953.000000
-0.063935,0.067626,0.398106,2985.000000
-0.063406,0.064339,0.398337,3017.000000
-0.062534,0.061801,0.398535,3048.000000
-0.061450,0.059038,0.398686,3079.000000
-0.060637,0.055627,0.398801,3114.000000
-0.059486,0.053680,0.398890,3147.000000
-0.058111,0.050346,0.398959,3177.000000
-0.056758,0.047629,0.399000,3225.000000
-0.055733,0.043505,0.399014,3258.000000
-0.054623,0.039943,0.399007,3290.000000
-0.053818,0.038343,0.398982,3322.000000
-0.052806,0.036351,0.398934,3353.000000
-0.051730,0.034458,0.398845,3387.000000
-0.051093,0.032044,0.398700,3415.000000
-0.050111,0.030496,0.398494,3449.000000
-0.049507,0.028770,0.398196,3482.000000
-0.048472,0.028147,0.397846,3513.000000
-0.047680,0.027411,0.397470,3545.000000
-0.047024,0.027088,0.397087,3578.000000
-0.046311,0.026579,0.396649,3625.000000
-0.044693,0.026119,0.396247,3658.000000
-0.043368,0.026072,0.395793,3691.000000
-0.041487,0.026001,0.395390,3723.000000
-0.039553,0.026001,0.395029,3754.000000
-0.036735,0.026099,0.394677,3785.000000
-0.033825,0.026607,0.394395,3818.000000
-0.031123,0.026874,0.394121,3848.000000
-0.027198,0.027175,0.393758,3881.000000
-0.023945,0.028209,0.393321,3912.000000
-0.020358,0.028625,0.392539,3944.000000
-0.017033,0.028785,0.391623,3978.000000
-0.013205,0.029112,0.390873,4025.000000
-0.010531,0.029695,0.390100,4059.000000
-0.008441,0.029978,0.389351,4091.000000
-0.006331,0.029988,0.388590,4119.000000
-0.004633,0.029905,0.387590,4152.000000
-0.002713,0.029751,0.386629,4186.000000
-0.001395,0.029302,0.385723,4217.000000
-0.000252,0.028737,0.384967,4250.000000
0.000594,0.027954,0.384249,4283.000000
0.001610,0.027560,0.383411,4314.000000
0.002112,0.027144,0.382486,4346.000000
0.002646,0.027025,0.381538,4394.000000
0.002896,0.026742,0.380622,4427.000000
0.002967,0.026650,0.379809,4458.000000
0.002894,0.026305,0.379134,4489.000000
