Domain id = 3
Class id = 4
User id = 10

<x>,<y>,<z>,<t>
-0.049900,-0.096963,0.350610,37.000000
-0.049887,-0.096654,0.350797,70.000000
-0.049896,-0.094236,0.350969,104.000000
-0.049899,-0.094329,0.351125,132.000000
-0.049960,-0.094071,0.351265,164.000000
-0.049991,-0.093316,0.351392,198.000000
-0.050188,-0.093153,0.351510,231.000000
-0.050777,-0.090958,0.351639,262.000000
-0.051281,-0.087580,0.351780,293.000000
-0.051782,-0.085479,0.351978,325.000000
-0.052239,-0.083161,0.352237,357.000000
-0.052774,-0.079044,0.352589,390.000000
-0.053597,-0.072711,0.352897,437.000000
-0.054199,-0.069034,0.353332,469.000000
-0.054765,-0.064170,0.353727,501.000000
-0.055738,-0.058629,0.354092,533.000000
-0.056254,-0.054521,0.354504,565.000000
-0.056501,-0.053207,0.354904,596.000000
-0.056964,-0.048867,0.355324,628.000000
-0.057577,-0.042931,0.355875,661.000000
-0.057609,-0.037702,0.356463,693.000000
-0.057896,-0.032227,0.356964,724.000000
-0.057878,-0.027713,0.357545,756.000000
-0.057807,-0.022733,0.358157,788.000000
-0.057596,-0.019638,0.358773,837.000000
-0.057455,-0.015596,0.359636,868.000000
-0.057367,-0.011243,0.360838,903.000000
-0.056883,-0.010169,0.361880,935.000000
-0.056622,-0.006036,0.363236,966.000000
-0.056545,-0.002403,0.364809,998.000000
-0.056291,0.000131,0.366584,1030.000000
-0.056150,0.004452,0.368602,1062.000000
-0.055714,0.008663,0.371150,1093.000000
-0.055536,0.013851,0.374116,1126.000000
-0.054832,0.017747,0.376713,1158.000000
-0.053602,0.022420,0.379217,1189.000000
-0.052188,0.028817,0.381886,1237.000000
-0.051061,0.031439,0.384526,1269.000000
-0.048590,0.038166,0.386887,1301.000000
-0.046643,0.042935,0.388772,1333.000000
-0.045059,0.049370,0.391688,1365.000000
-0.042891,0.050521,0.393712,1397.000000
-0.041143,0.055111,0.395099,1429.000000
-0.039497,0.058695,0.396186,1461.000000
-0.037625,0.063392,0.398424,1494.000000
-0.035876,0.067892,0.399900,1525.000000
-0.033549,0.072593,0.401262,1557.000000
-0.031130,0.075531,0.402831,1604.000000
-0.028402,0.080654,0.404701,1637.000000
-0.025856,0.085125,0.406628,1668.000000
-0.023709,0.086089,0.408152,1701.000000
-0.021228,0.088555,0.409579,1733.000000
-0.017192,0.092363,0.410772,1765.000000
-0.014313,0.095628,0.411888,1796.000000
-0.010855,0.096165,0.412709,1828.000000
-0.007036,0.096756,0.413388,1860.000000
-0.003592,0.097042,0.413921,1892.000000
-0.000111,0.096279,0.414287,1924.000000
0.003960,0.094461,0.414542,1956.000000
0.006939,0.091892,0.414722,2005.000000
0.010677,0.089133,0.414844,2037.000000
0.014114,0.084508,0.414906,2068.000000
0.016961,0.079343,0.414885,2100.000000
0.021094,0.075356,0.414622,2132.000000
0.024195,0.071728,0.414119,2164.000000
0.026649,0.068124,0.413264,2196.000000
0.029186,0.063964,0.412080,2228.000000
0.030799,0.058875,0.410567,2260.000000
0.031975,0.053116,0.408732,2292.000000
0.033584,0.049839,0.407078,2324.000000
0.034480,0.045911,0.405544,2356.000000
0.035140,0.041198,0.403978,2404.000000
0.035370,0.034635,0.402227,2437.000000
0.035504,0.028695,0.400372,2468.000000
0.035414,0.022497,0.398388,2501.000000
0.035268,0.018318,0.396442,2533.000000
0.034565,0.013317,0.394362,2565.000000
0.033369,0.008352,0.392112,2596.000000
0.031137,0.004051,0.390068,2629.000000
0.028715,0.001090,0.388261,2661.000000
0.025449,-0.002383,0.386392,2693.000000
0.021259,-0.005263,0.384501,2725.000000
0.016805,-0.008126,0.382706,2756.000000
0.011028,-0.009732,0.381013,2805.000000
0.005174,-0.011365,0.379253,2837.000000
-0.000128,-0.012962,0.377623,2869.000000
-0.005371,-0.014272,0.375939,2901.000000
-0.010339,-0.014778,0.374399,2934.000000
-0.014903,-0.015226,0.373060,2965.000000
-0.019107,-0.015267,0.371891,2997.000000
-0.023023,-0.015460,0.370792,3029.000000
-0.026909,-0.014781,0.369938,3061.000000
-0.030094,-0.014533,0.369168,3094.000000
-0.032410,-0.013665,0.368495,3127.000000
-0.035612,-0.012806,0.367927,3158.000000
-0.037757,-0.010258,0.367478,3208.000000
-0.039285,-0.008800,0.367106,3240.000000
-0.039876,-0.008709,0.366776,3272.000000
-0.040602,-0.007050,0.366481,3303.000000
-0.041215,-0.005404,0.366236,3336.000000
-0.041305,-0.003663,0.366050,3366.000000
-0.041306,0.000364,0.365911,3400.000000
-0.041218,0.003189,0.365808,3432.000000
-0.040806,0.006897,0.365741,3464.000000
-0.040316,0.010780,0.365732,3496.000000
-0.039774,0.015045,0.365782,3527.000000
-0.039461,0.019024,0.366088,3575.000000
-0.038933,0.021473,0.366646,3608.000000
-0.038217,0.024259,0.367558,3640.000000
-0.037085,0.027221,0.368907,3671.000000
-0.036779,0.029859,0.370641,3703.000000
-0.035279,0.030891,0.372623,3735.000000
-0.034080,0.036988,0.375218,3768.000000
-0.032868,0.041418,0.377707,3800.000000
-0.032365,0.045775,0.379926,3832.000000
-0.030015,0.046604,0.382508,3863.000000
-0.028360,0.050268,0.385763,3895.000000
-0.026980,0.053904,0.388535,3926.000000
-0.025657,0.054326,0.390368,3975.000000
-0.024864,0.056392,0.392430,4007.000000
-0.024022,0.057213,0.394818,4039.000000
-0.023914,0.059436,0.397417,4071.000000
-0.023836,0.063436,0.399824,4103.000000
-0.023859,0.069029,0.402481,4134.000000
-0.024206,0.072106,0.404838,4167.000000
-0.024661,0.075772,0.407094,4198.000000
-0.025323,0.079533,0.409132,4231.000000
-0.025926,0.082912,0.410815,4262.000000
-0.026184,0.087039,0.412486,4294.000000
-0.026341,0.089199,0.413955,4325.000000
-0.026267,0.090738,0.415170,4375.000000
-0.025414,0.091287,0.416100,4406.000000
-0.024945,0.091867,0.416937,4439.000000
-0.024449,0.093824,0.417685,4470.000000
-0.023672,0.098360,0.418462,4502.000000
-0.022430,0.105656,0.419253,4533.000000
-0.020708,0.110792,0.420185,4565.000000
-0.019562,0.112732,0.421003,4597.000000
-0.018020,0.112930,0.421617,4630.000000
-0.016096,0.113255,0.422223,4661.000000
-0.013919,0.113547,0.422748,4695.000000
-0.012645,0.112957,0.423143,4725.000000
-0.010629,0.112736,0.423453,4772.000000
-0.008320,0.112222,0.423704,4805.000000
-0.005875,0.111836,0.423905,4838.000000
-0.003901,0.110915,0.424070,4868.000000
-0.002162,0.110167,0.424202,4902.000000
-0.000200,0.109718,0.424315,4931.000000
0.001244,0.108014,0.424409,4965.000000
0.002572,0.104731,0.424484,4996.000000
0.004351,0.103101,0.424545,5030.000000
0.005933,0.100064,0.424594,5060.000000
0.007949,0.099197,0.424635,5093.000000
0.010174,0.095729,0.424664,5126.000000
0.012300,0.093208,0.424680,5174.000000
0.014230,0.089755,0.424679,5204.000000
0.016517,0.087747,0.424652,5238.000000
0.018249,0.084966,0.424563,5270.000000
0.020720,0.082988,0.424399,5302.000000
0.021885,0.080255,0.424081,5333.000000
0.023293,0.076816,0.423520,5367.000000
0.024132,0.073247,0.422836,5396.000000
0.025253,0.071053,0.422012,5430.000000
0.026081,0.067242,0.420919,5461.000000
0.026715,0.063179,0.419677,5494.000000
0.027151,0.058389,0.418217,5542.000000
0.028168,0.055107,0.416591,5574.000000
0.029210,0.050121,0.414318,5606.000000
0.030474,0.045679,0.411844,5638.000000
0.031571,0.040405,0.409536,5671.000000
0.032438,0.034573,0.406945,5703.000000
0.033238,0.029381,0.404496,5734.000000
0.033780,0.023879,0.401928,5766.000000
0.034467,0.018103,0.399589,5799.000000
0.035006,0.012441,0.397287,5832.000000
0.035470,0.008227,0.395261,5862.000000
0.035905,0.004279,0.393338,5894.000000
0.036810,-0.000854,0.391421,5943.000000
0.038041,-0.006618,0.389196,5975.000000
0.039548,-0.011915,0.387168,6007.000000
0.041487,-0.016844,0.385351,6040.000000
0.042773,-0.022190,0.383472,6072.000000
0.044329,-0.027495,0.381405,6104.000000
0.045623,-0.032362,0.379354,6136.000000
0.046786,-0.038504,0.377045,6168.000000
0.047819,-0.044156,0.374727,6200.000000
0.048766,-0.049137,0.372125,6231.000000
0.049781,-0.054312,0.369621,6263.000000
0.051271,-0.057173,0.366976,6295.000000
0.052691,-0.060645,0.364310,6343.000000
0.053699,-0.064779,0.361822,6377.000000
0.054709,-0.067686,0.359535,6407.000000
0.055582,-0.069749,0.357639,6440.000000
0.056295,-0.071472,0.355842,6472.000000
0.056453,-0.073919,0.354098,6504.000000
0.056539,-0.075310,0.352501,6535.000000
0.056572,-0.076966,0.351149,6568.000000
0.056262,-0.076370,0.350119,6600.000000
0.056258,-0.078954,0.349101,6633.000000
0.056256,-0.080868,0.348152,6663.000000
0.056090,-0.082723,0.347224,6695.000000
