Domain id = 3
Class id = 7
User id = 10

<x>,<y>,<z>,<t>
0.020580,-0.078520,0.325906,30.000000
0.021178,-0.077963,0.325752,62.000000
0.022160,-0.077914,0.325604,94.000000
0.023054,-0.077897,0.325453,124.000000
0.024155,-0.077893,0.325301,159.000000
0.025899,-0.077691,0.325136,190.000000
0.027947,-0.077558,0.324948,238.000000
0.030012,-0.077295,0.324721,271.000000
0.032197,-0.077299,0.324418,302.000000
0.035629,-0.076887,0.324031,332.000000
0.039116,-0.075945,0.323544,366.000000
0.042525,-0.075690,0.323026,396.000000
0.045690,-0.075489,0.322436,432.000000
0.049153,-0.075058,0.321772,462.000000
0.052391,-0.074761,0.320978,495.000000
0.055929,-0.072137,0.320290,527.000000
0.060094,-0.071415,0.319595,560.000000
0.063103,-0.071047,0.318805,588.000000
0.066356,-0.070876,0.317982,638.000000
0.069560,-0.069703,0.317120,668.000000
0.073097,-0.065719,0.316451,703.000000
0.075940,-0.063750,0.315781,733.000000
0.078538,-0.060471,0.315197,766.000000
0.081180,-0.057824,0.314663,799.000000
0.083832,-0.052348,0.314289,828.000000
0.085562,-0.049818,0.314000,862.000000
0.087187,-0.047851,0.313710,893.000000
0.088409,-0.044303,0.313419,925.000000
0.089697,-0.039841,0.313199,957.000000
0.090426,-0.037013,0.312965,990.000000
0.090987,-0.033516,0.312734,1037.000000
0.091906,-0.029142,0.312557,1071.000000
0.093254,-0.022891,0.312420,1101.000000
0.093704,-0.019463,0.312316,1134.000000
0.093908,-0.015432,0.312231,1164.000000
0.093908,-0.011235,0.312163,1196.000000
0.093910,-0.003882,0.312116,1229.000000
0.093604,0.000717,0.312096,1262.000000
0.092532,0.004272,0.312103,1293.000000
0.091717,0.012848,0.312205,1326.000000
0.089613,0.017498,0.312441,1356.000000
0.087034,0.021542,0.312956,1388.000000
0.084185,0.027026,0.313680,1436.000000
0.081060,0.031208,0.314891,1470.000000
0.077966,0.035157,0.316320,1499.000000
0.074785,0.039169,0.317564,1533.000000
0.071806,0.045664,0.319610,1563.000000
0.067964,0.048158,0.321373,1595.000000
0.064123,0.050776,0.322937,1628.000000
0.060299,0.052539,0.324354,1659.000000
0.056664,0.054025,0.325827,1691.000000
0.053513,0.055170,0.327315,1723.000000
0.049849,0.055954,0.328509,1755.000000
0.046915,0.056285,0.329574,1803.000000
0.043573,0.055822,0.330360,1835.000000
0.041091,0.055627,0.330991,1867.000000
0.039022,0.055038,0.331564,1901.000000
0.036522,0.052562,0.331962,1931.000000
0.034239,0.051618,0.332274,1963.000000
0.032711,0.050554,0.332525,1995.000000
0.030367,0.048885,0.332730,2027.000000
0.028591,0.048450,0.332953,2059.000000
0.026484,0.045933,0.333126,2092.000000
0.025001,0.043738,0.333260,2123.000000
0.023608,0.042525,0.333366,2155.000000
0.022051,0.041375,0.333449,2204.000000
0.020505,0.040311,0.333518,2235.000000
0.019056,0.038900,0.333574,2268.000000
0.017625,0.037243,0.333620,2299.000000
0.015942,0.036265,0.333659,2331.000000
0.014783,0.033138,0.333687,2364.000000
0.013857,0.032520,0.333710,2397.000000
0.013093,0.030290,0.333721,2427.000000
0.012034,0.028599,0.333722,2459.000000
0.011154,0.027208,0.333720,2491.000000
0.010232,0.024573,0.333681,2525.000000
0.009537,0.021717,0.333576,2558.000000
0.008925,0.021092,0.333445,2604.000000
0.008286,0.019672,0.333228,2636.000000
0.007798,0.017952,0.332904,2667.000000
0.007081,0.014076,0.332327,2699.000000
0.006748,0.013204,0.331702,2732.000000
0.006340,0.011326,0.330982,2763.000000
0.006036,0.010807,0.330301,2795.000000
0.005742,0.010032,0.329612,2827.000000
0.005518,0.009474,0.328951,2860.000000
0.005240,0.008651,0.328310,2891.000000
0.004962,0.005950,0.327529,2924.000000
0.004773,0.005703,0.326831,2956.000000
0.004548,0.004961,0.326067,3004.000000
0.004163,0.004900,0.325423,3035.000000
0.003918,0.004908,0.324855,3068.000000
0.003358,0.004982,0.324330,3100.000000
0.002952,0.008104,0.323918,3131.000000
0.002409,0.008610,0.323515,3164.000000
0.001986,0.010218,0.323169,3195.000000
0.001332,0.011985,0.322879,3228.000000
0.000553,0.013716,0.322612,3260.000000
-0.000494,0.016013,0.322385,3292.000000
-0.001474,0.017114,0.322168,3324.000000
-0.002479,0.020474,0.322008,3356.000000
-0.003423,0.023282,0.321886,3404.000000
-0.004333,0.027367,0.321793,3435.000000
-0.005493,0.031940,0.321733,3467.000000
-0.006587,0.034154,0.321706,3499.000000
-0.007565,0.037458,0.321706,3531.000000
-0.008325,0.040105,0.321757,3563.000000
-0.009541,0.041892,0.321908,3597.000000
-0.010252,0.044145,0.322184,3627.000000
-0.011039,0.045765,0.322588,3659.000000
-0.011613,0.046658,0.323063,3691.000000
-0.011857,0.047463,0.323528,3723.000000
-0.011870,0.047656,0.323911,3772.000000
-0.011869,0.047952,0.324242,3804.000000
-0.011859,0.047632,0.324491,3835.000000
-0.011719,0.046181,0.324672,3867.000000
-0.011523,0.044646,0.324807,3899.000000
-0.011236,0.042945,0.324911,3931.000000
-0.010813,0.040638,0.324989,3964.000000
-0.010234,0.038357,0.325042,3995.000000
-0.009540,0.036638,0.325068,4028.000000
-0.008875,0.031493,0.325038,4060.000000
-0.007890,0.030592,0.324972,4094.000000
-0.006800,0.028954,0.324858,4123.000000
-0.005753,0.026436,0.324671,4171.000000
-0.004920,0.024568,0.324415,4204.000000
-0.004245,0.021525,0.324097,4235.000000
-0.003689,0.018163,0.323723,4267.000000
-0.003381,0.016397,0.323365,4299.000000
-0.003066,0.012201,0.322982,4331.000000
-0.002840,0.008779,0.322534,4363.000000
-0.002587,0.006832,0.322050,4395.000000
-0.002448,0.004297,0.321438,4428.000000
-0.002059,0.002045,0.320674,4460.000000
-0.001444,0.001419,0.319908,4495.000000
-0.000718,0.000759,0.319178,4526.000000
0.000330,0.000662,0.318519,4574.000000
0.001762,-0.000584,0.317700,4604.000000
0.003144,-0.000634,0.316970,4637.000000
0.005086,-0.000692,0.316316,4669.000000
0.006969,-0.000695,0.315754,4700.000000
0.008651,-0.000840,0.315211,4732.000000
0.010966,-0.001863,0.314530,4764.000000
0.013192,-0.001865,0.313929,4796.000000
0.015699,-0.001686,0.313339,4830.000000
0.018266,-0.000862,0.312867,4860.000000
0.020772,-0.000343,0.312401,4892.000000
0.023517,0.000921,0.312002,4923.000000
0.026336,0.001737,0.311661,4972.000000
0.029493,0.003131,0.311370,5004.000000
0.032633,0.004329,0.311129,5036.000000
0.035696,0.006742,0.310940,5068.000000
0.038330,0.008366,0.310788,5100.000000
0.040147,0.008456,0.310647,5132.000000
0.041893,0.009005,0.310534,5166.000000
0.043271,0.009635,0.310444,5196.000000
0.044270,0.009993,0.310372,5229.000000
0.044814,0.010200,0.310313,5260.000000
0.044950,0.009969,0.310259,5294.000000
0.044964,0.010083,0.310214,5324.000000
0.044806,0.009849,0.310174,5374.000000
0.044470,0.009765,0.310141,5404.000000
0.043806,0.009627,0.310112,5436.000000
0.042950,0.008591,0.310083,5468.000000
0.042401,0.008414,0.310057,5500.000000
