Domain id = 2
Class id = 7
User id = 7

<x>,<y>,<z>,<t>
0.038572,0.048258,0.329567,5.000000
0.038213,0.048355,0.329582,38.000000
0.038098,0.048158,0.329595,70.000000
0.037990,0.047939,0.329606,102.000000
0.037781,0.047937,0.329616,134.000000
0.037405,0.049050,0.329624,165.000000
0.036547,0.049846,0.329632,198.000000
0.035544,0.050105,0.329639,229.000000
0.034066,0.052080,0.329647,262.000000
0.031840,0.053982,0.329666,292.000000
0.028731,0.056305,0.329764,325.000000
0.025802,0.057935,0.330039,374.000000
0.022501,0.058945,0.330878,406.000000
0.018409,0.061165,0.332249,437.000000
0.014633,0.061659,0.333657,469.000000
0.010175,0.062400,0.335192,502.000000
0.006685,0.062361,0.336694,534.000000
0.003018,0.062234,0.337842,565.000000
-0.000947,0.061326,0.338766,597.000000
-0.005378,0.061293,0.339638,628.000000
-0.009360,0.058950,0.340371,660.000000
-0.013300,0.057525,0.341037,692.000000
-0.016421,0.055542,0.341574,724.000000
-0.019502,0.052418,0.341960,772.000000
-0.022480,0.048663,0.342256,805.000000
-0.025491,0.046560,0.342494,838.000000
-0.027637,0.041726,0.342664,870.000000
-0.029235,0.035684,0.342782,902.000000
-0.030868,0.032428,0.342861,936.000000
-0.031960,0.027871,0.342892,965.000000
-0.033086,0.023486,0.342894,999.000000
-0.033766,0.019277,0.342884,1032.000000
-0.033846,0.014298,0.342742,1064.000000
-0.033777,0.010927,0.342412,1096.000000
-0.033544,0.008489,0.341871,1126.000000
-0.032301,0.004049,0.341116,1174.000000
-0.030227,-0.000500,0.340105,1207.000000
-0.027060,-0.002694,0.338879,1240.000000
-0.024553,-0.004394,0.338080,1271.000000
-0.020159,-0.007303,0.337058,1303.000000
-0.016723,-0.008587,0.335927,1335.000000
-0.012690,-0.010049,0.334841,1367.000000
-0.008286,-0.010723,0.334124,1397.000000
-0.005134,-0.010627,0.333407,1431.000000
-0.001508,-0.010123,0.332729,1461.000000
0.002702,-0.009361,0.332190,1496.000000
0.005839,-0.006643,0.331732,1544.000000
0.008718,-0.003958,0.331248,1573.000000
0.012191,-0.003005,0.330870,1607.000000
0.015328,-0.000224,0.330587,1640.000000
0.018177,0.002465,0.330289,1673.000000
0.020979,0.005618,0.330049,1703.000000
0.023738,0.007882,0.329847,1736.000000
0.025799,0.012803,0.329675,1768.000000
0.028220,0.015126,0.329535,1800.000000
0.029727,0.018211,0.329414,1831.000000
0.031313,0.022180,0.329322,1862.000000
0.032951,0.023116,0.329250,1892.000000
0.034203,0.027609,0.329197,1943.000000
0.035426,0.029651,0.329165,1972.000000
0.036222,0.031200,0.329157,2006.000000
0.036857,0.033720,0.329164,2036.000000
0.037594,0.034157,0.329211,2071.000000
0.037904,0.036896,0.329321,2101.000000
0.037980,0.037762,0.329485,2135.000000
0.038169,0.039116,0.329747,2165.000000
0.038251,0.040497,0.330053,2199.000000
0.038263,0.040915,0.330456,2229.000000
0.038263,0.041322,0.330900,2264.000000
0.038266,0.041536,0.331351,2294.000000
0.038310,0.041259,0.331774,2343.000000
0.038375,0.040555,0.332163,2374.000000
0.038051,0.039462,0.332590,2407.000000
0.037439,0.036545,0.333048,2441.000000
0.036292,0.033042,0.333420,2471.000000
0.035044,0.029004,0.333708,2503.000000
0.033280,0.023836,0.333921,2535.000000
0.031744,0.017552,0.334075,2568.000000
0.030709,0.012116,0.334191,2600.000000
0.029613,0.007410,0.334267,2630.000000
0.028756,0.002593,0.334316,2663.000000
0.028326,-0.002775,0.334328,2696.000000
0.027637,-0.007019,0.334299,2744.000000
0.027330,-0.011742,0.334180,2776.000000
0.026839,-0.015968,0.333939,2808.000000
0.026614,-0.024085,0.333522,2842.000000
0.026134,-0.027568,0.333042,2872.000000
0.025914,-0.030595,0.332495,2904.000000
0.025547,-0.034069,0.331943,2936.000000
0.024449,-0.038017,0.331372,2966.000000
0.023110,-0.040906,0.330835,3001.000000
0.021940,-0.046493,0.330369,3031.000000
0.020282,-0.050832,0.329933,3063.000000
0.018620,-0.054101,0.329475,3096.000000
0.015800,-0.057660,0.329100,3144.000000
0.013395,-0.060787,0.328766,3175.000000
0.010348,-0.063329,0.328427,3206.000000
0.006389,-0.065597,0.328083,3239.000000
0.002156,-0.070087,0.327704,3271.000000
-0.002231,-0.073728,0.327205,3304.000000
-0.005291,-0.079413,0.326711,3334.000000
-0.008730,-0.083611,0.326261,3367.000000
-0.013263,-0.085457,0.325846,3399.000000
-0.015918,-0.085890,0.325386,3431.000000
-0.018710,-0.085853,0.324939,3463.000000
-0.020373,-0.085437,0.324483,3513.000000
-0.021604,-0.084726,0.324020,3544.000000
-0.024210,-0.080763,0.323516,3575.000000
-0.025285,-0.075370,0.323036,3607.000000
-0.026107,-0.072309,0.322668,3640.000000
-0.026152,-0.070430,0.322406,3671.000000
-0.026275,-0.065232,0.322220,3703.000000
-0.025739,-0.063191,0.322115,3735.000000
-0.024587,-0.059726,0.322071,3769.000000
-0.022079,-0.055282,0.322054,3800.000000
-0.018681,-0.052857,0.322071,3831.000000
-0.014531,-0.049645,0.322131,3862.000000
-0.011464,-0.046044,0.322213,3911.000000
-0.006720,-0.043279,0.322367,3944.000000
-0.001882,-0.039840,0.322620,3974.000000
0.002067,-0.034725,0.322900,4006.000000
0.006610,-0.033227,0.323355,4040.000000
0.011780,-0.030885,0.323938,4072.000000
0.017030,-0.028908,0.324651,4104.000000
0.021133,-0.024837,0.325367,4136.000000
0.025335,-0.021773,0.326159,4169.000000
0.029716,-0.020404,0.326975,4200.000000
0.033627,-0.017814,0.327721,4229.000000
0.037356,-0.014769,0.328409,4263.000000
0.041258,-0.012950,0.329132,4311.000000
0.045242,-0.011191,0.329743,4343.000000
0.048411,-0.009764,0.330313,4376.000000
0.051705,-0.007227,0.330936,4407.000000
0.054359,-0.005529,0.331687,4441.000000
0.057099,-0.004873,0.332349,4472.000000
0.059340,-0.003925,0.332954,4503.000000
0.060997,-0.001495,0.333556,4534.000000
0.062197,-0.000761,0.334070,4565.000000
0.063165,0.000714,0.334502,4600.000000
